#diam Vratio ca_er ca_er_0 Buffer ip3r ip3_rest kdeg Vsoc v_plcd Ica Iip3 input_width(s) cv amplitude speed
0.84 0.41 499.85 194.88 113.35 14.76 1.96 0.89 0.00 0.00 43.13 82.60 0.13 2.97 0.00 0.00
0.86 0.40 278.48 36.17 107.63 128.68 1.71 3.32 0.00 0.00 72.19 86.39 1.30 0.20 1.58 14.09
0.65 0.41 238.27 132.33 294.45 98.07 0.51 0.20 0.00 0.00 44.68 5.91 1.18 1.00 1.22 0.00
0.71 0.39 678.69 96.51 102.56 60.74 1.35 0.32 0.00 0.00 29.41 81.73 1.84 0.27 4.28 31.02
0.83 0.30 275.86 29.62 220.82 158.56 1.74 1.65 0.00 0.00 33.23 76.40 1.22 2.36 0.08 0.00
0.74 0.08 329.86 38.84 151.92 145.79 1.43 0.11 0.00 0.00 95.08 24.65 1.84 3.43 0.01 0.00
0.51 0.27 644.52 25.54 256.94 196.83 1.75 2.17 0.00 0.00 53.65 5.85 1.02 3.78 0.02 0.00
0.97 0.37 270.36 69.81 213.88 150.33 0.78 3.49 0.00 0.00 80.91 69.74 0.14 0.47 0.77 0.00
0.51 0.26 282.86 48.13 224.51 107.42 1.47 1.00 0.00 0.00 76.14 78.47 1.11 1.80 0.18 0.00
0.73 0.33 198.53 24.56 203.12 182.90 1.79 8.01 0.00 0.00 85.08 24.40 0.35 3.82 0.02 0.00
0.69 0.31 624.81 28.67 115.84 168.77 1.81 6.30 0.00 0.00 11.52 47.12 0.37 0.19 0.57 6.71
0.88 0.07 339.72 79.39 240.46 64.90 1.37 1.07 0.00 0.00 62.57 67.57 1.15 3.43 0.01 0.00
0.65 0.07 155.28 43.41 154.35 105.73 1.44 0.31 0.00 0.00 46.98 64.03 1.46 3.31 0.01 0.00
0.82 0.29 308.74 305.13 131.35 47.35 0.13 0.62 0.00 0.00 58.82 42.38 1.05 2.65 0.47 0.00
0.67 0.25 502.84 54.75 156.86 152.86 1.04 1.46 0.00 0.00 89.27 71.46 0.69 1.32 0.38 0.00
0.76 0.36 160.47 133.43 190.03 44.94 0.46 6.45 0.00 0.00 15.76 42.92 1.73 3.46 0.00 0.00
0.60 0.07 630.71 429.37 218.45 144.34 0.22 4.68 0.00 0.00 16.15 60.87 0.18 3.59 0.15 0.00
0.88 0.43 128.95 127.05 213.27 76.19 0.15 1.35 0.00 0.00 10.58 40.49 0.49 3.55 0.17 0.00
1.00 0.27 544.01 124.48 261.78 143.01 0.58 0.75 0.00 0.00 61.28 15.99 0.73 1.59 0.35 0.00
0.56 0.46 247.73 33.44 170.72 158.95 1.49 1.74 0.00 0.00 98.76 26.30 0.98 0.12 1.53 10.54
0.63 0.38 676.57 226.84 253.76 38.41 0.82 1.17 0.00 0.00 98.58 52.70 1.73 0.44 2.30 0.00
0.73 0.27 272.93 36.78 221.82 192.38 1.16 5.37 0.00 0.00 42.12 78.41 0.87 2.88 0.07 0.00
0.58 0.09 306.79 54.00 212.10 71.67 1.97 0.13 0.00 0.00 76.48 28.39 0.83 4.00 0.00 0.00
0.53 0.27 503.54 59.15 206.00 185.52 0.85 0.26 0.00 0.00 44.26 56.17 1.18 0.36 0.87 6.31
0.68 0.34 420.37 82.39 128.18 106.63 0.93 1.68 0.00 0.00 91.69 7.37 1.85 0.26 2.23 16.25
0.80 0.36 330.79 63.19 273.93 74.46 1.57 1.03 0.00 0.00 89.52 75.27 1.86 0.63 0.72 0.00
0.67 0.25 503.81 59.30 148.31 87.11 1.56 4.45 0.00 0.00 98.45 50.80 1.72 0.37 0.66 6.32
0.72 0.22 589.00 195.99 117.61 38.95 0.90 0.60 0.00 0.00 53.32 91.71 0.49 0.58 1.94 0.00
0.93 0.47 641.01 262.74 262.97 185.07 0.31 0.46 0.00 0.00 32.09 29.15 1.90 0.74 2.87 0.00
0.85 0.39 173.79 76.19 177.94 53.07 1.29 0.31 0.00 0.00 21.44 97.69 0.41 1.08 0.83 0.00
1.00 0.31 340.10 87.44 104.48 105.63 0.85 0.21 0.00 0.00 32.34 70.33 0.46 0.45 2.06 0.00
0.96 0.13 128.90 69.17 161.08 195.66 0.51 3.37 0.00 0.00 93.42 92.00 1.01 2.72 0.08 0.00
0.73 0.43 496.53 39.06 186.31 109.40 2.00 0.16 0.00 0.00 27.98 75.52 1.81 0.14 1.49 9.87
0.82 0.46 407.01 57.00 190.10 164.90 0.93 2.51 0.00 0.00 39.97 85.04 1.96 0.29 2.17 12.65
0.86 0.19 331.22 183.39 253.02 31.33 0.83 0.45 0.00 0.00 30.83 82.39 1.55 1.52 0.34 0.00
0.96 0.46 243.03 60.56 118.85 66.66 1.70 1.98 0.00 0.00 35.69 25.37 1.69 0.15 2.52 19.38
0.86 0.22 276.47 80.58 259.84 43.24 1.87 0.75 0.00 0.00 92.26 70.33 0.74 2.96 0.06 0.00
0.59 0.28 552.87 265.97 188.76 108.46 0.37 2.20 0.00 0.00 86.58 0.00 1.10 1.41 1.17 0.00
0.96 0.07 604.28 133.15 249.65 30.94 1.73 0.37 0.00 0.00 64.21 49.26 1.36 3.11 0.01 0.00
0.69 0.18 268.18 57.38 153.06 193.85 0.78 0.16 0.00 0.00 29.96 0.01 1.69 1.51 0.20 0.00
1.00 0.34 396.06 29.11 199.77 153.74 1.91 6.57 0.00 0.00 82.01 87.30 1.67 2.02 0.12 0.00
0.93 0.10 332.98 80.47 244.65 49.27 1.75 1.71 0.00 0.00 43.65 29.72 1.85 3.34 0.00 0.00
0.63 0.47 123.47 70.97 106.60 45.18 1.24 1.18 0.00 0.00 34.84 56.06 0.81 0.52 1.99 0.00
0.94 0.25 138.40 44.92 132.18 197.30 0.82 8.11 0.00 0.00 61.19 17.34 0.30 4.28 0.00 0.00
0.69 0.17 269.85 89.99 100.49 83.45 0.91 4.44 0.00 0.00 87.80 26.10 0.94 2.47 0.16 0.00
1.00 0.31 227.18 95.67 214.65 176.64 0.51 0.53 0.00 0.00 91.37 97.13 1.58 0.90 1.15 0.00
0.59 0.27 251.96 178.40 177.55 66.57 0.43 0.15 0.00 0.00 96.56 67.06 0.96 1.33 1.04 0.00
0.59 0.29 344.02 272.67 160.39 117.18 0.24 2.88 0.00 0.00 84.58 77.56 0.23 2.49 0.97 0.00
0.55 0.46 144.51 102.98 157.18 91.43 0.48 1.75 0.00 0.00 56.74 53.30 0.94 2.01 0.85 0.00
0.90 0.35 365.93 146.27 283.45 97.71 0.57 1.20 0.00 0.00 75.80 89.02 0.60 1.42 0.95 0.00
0.73 0.09 609.51 66.52 195.09 71.58 1.71 0.66 0.00 0.00 79.93 43.34 1.83 3.44 0.01 0.00
0.84 0.43 147.71 37.68 285.40 123.22 1.47 2.70 0.00 0.00 87.53 86.10 1.73 1.52 0.28 0.00
0.60 0.30 462.77 156.84 129.70 43.44 0.97 0.68 0.00 0.00 17.39 85.38 1.71 0.47 2.69 0.00
0.89 0.28 384.93 244.55 196.62 26.23 0.68 7.88 0.00 0.00 38.95 51.48 1.52 3.10 0.09 0.00
0.70 0.42 463.13 23.93 190.36 187.98 1.95 0.21 0.00 0.00 30.29 88.74 1.22 0.14 0.84 6.54
0.98 0.28 252.05 91.61 242.61 78.29 0.91 0.51 0.00 0.00 42.07 54.32 0.14 2.28 0.00 0.00
0.61 0.30 298.57 39.73 293.30 132.17 1.51 0.13 0.00 0.00 52.46 56.18 0.51 2.19 0.10 0.00
0.65 0.26 357.07 339.37 129.68 95.79 0.15 0.69 0.00 0.00 98.44 21.29 1.16 2.71 0.44 0.00
0.87 0.26 361.87 46.28 143.96 101.92 1.69 0.15 0.00 0.00 15.09 41.29 0.40 1.60 0.18 0.00
0.56 0.19 194.53 137.98 184.40 140.88 0.34 5.89 0.00 0.00 16.25 22.58 0.41 4.11 0.00 0.00
0.67 0.38 652.64 437.56 254.99 146.22 0.22 1.20 0.00 0.00 69.22 21.08 0.44 1.90 1.14 0.00
0.69 0.31 577.40 123.79 186.83 151.10 0.57 3.74 0.00 0.00 21.07 73.82 1.58 0.53 1.94 0.00
0.59 0.25 532.99 132.27 136.10 46.93 1.15 0.29 0.00 0.00 40.62 91.15 1.62 0.39 1.98 14.18
0.98 0.26 456.43 34.26 204.67 157.13 1.57 0.50 0.00 0.00 75.90 5.40 0.13 3.21 0.00 0.00
0.99 0.17 128.65 111.14 222.24 93.90 0.32 0.92 0.00 0.00 83.73 79.56 0.30 3.36 0.07 0.00
0.65 0.27 590.25 143.11 222.73 42.34 1.18 8.74 0.00 0.00 58.10 46.82 1.36 0.26 0.99 6.69
0.90 0.20 348.00 32.78 126.11 164.04 1.54 0.57 0.00 0.00 54.32 21.98 1.68 2.97 0.04 0.00
1.00 0.41 338.31 93.45 106.22 39.85 1.78 1.00 0.00 0.00 24.82 75.32 1.55 0.26 2.94 22.66
0.60 0.45 457.56 189.76 291.13 109.71 0.46 2.56 0.00 0.00 81.46 63.10 1.76 0.74 2.47 0.00
0.78 0.17 298.50 93.76 206.12 73.35 0.99 7.15 0.00 0.00 49.01 13.68 1.39 4.00 0.00 0.00
0.61 0.19 639.40 52.78 225.04 120.85 1.33 0.12 0.00 0.00 79.79 29.84 0.12 3.14 0.00 0.00
0.99 0.25 288.64 51.77 244.98 103.29 1.41 1.73 0.00 0.00 19.02 15.63 0.82 3.04 0.00 0.00
0.90 0.06 315.39 124.35 232.04 43.54 1.08 1.57 0.00 0.00 34.98 76.69 1.31 3.22 0.01 0.00
0.51 0.30 161.50 141.49 291.91 170.10 0.22 0.12 0.00 0.00 57.94 77.95 0.33 1.74 0.77 0.00
0.54 0.10 579.13 92.09 190.03 59.02 1.42 0.11 0.00 0.00 17.23 70.44 0.72 3.31 0.03 0.00
0.89 0.24 281.10 134.42 227.17 165.62 0.42 0.15 0.00 0.00 33.58 16.18 1.40 1.25 0.53 0.00
0.55 0.09 276.99 212.06 176.47 11.08 0.99 3.85 0.00 0.00 75.15 57.66 0.20 4.51 0.00 0.00
0.92 0.08 271.73 116.39 107.84 167.58 0.47 0.41 0.00 0.00 49.99 16.21 1.03 2.56 0.08 0.00
0.75 0.37 152.41 110.09 211.64 19.58 1.21 0.38 0.00 0.00 87.38 51.14 1.39 2.26 0.00 0.00
0.76 0.45 136.32 104.44 167.56 87.02 0.44 0.21 0.00 0.00 29.55 13.88 0.94 2.09 0.45 0.00
0.96 0.50 518.61 128.76 216.64 73.84 0.84 0.43 0.00 0.00 95.23 64.09 0.24 0.40 2.99 0.00
0.64 0.48 528.38 207.10 284.95 109.05 0.45 0.57 0.00 0.00 24.50 93.45 1.71 0.73 3.68 0.00
0.94 0.35 129.13 61.84 111.72 79.15 1.04 8.11 0.00 0.00 19.17 43.28 0.92 3.82 0.00 0.00
0.93 0.28 568.32 229.20 234.90 21.04 1.17 1.55 0.00 0.00 49.44 59.29 0.65 2.07 0.30 0.00
0.90 0.14 276.08 182.55 152.07 152.95 0.31 0.85 0.00 0.00 11.42 59.85 1.10 1.63 0.55 0.00
0.57 0.16 407.32 87.97 219.38 169.04 0.65 9.93 0.00 0.00 31.52 0.19 1.63 3.39 0.06 0.00
0.79 0.23 260.96 160.99 277.81 28.12 0.88 6.16 0.00 0.00 52.98 1.86 1.64 3.87 0.00 0.00
0.89 0.32 275.57 50.19 103.49 94.19 1.58 2.97 0.00 0.00 41.15 89.30 1.68 0.28 1.33 12.71
0.64 0.42 698.38 411.56 110.06 138.40 0.25 0.76 0.00 0.00 72.17 64.03 1.66 0.76 5.43 0.00
0.66 0.28 443.09 27.45 135.24 165.84 1.90 0.13 0.00 0.00 76.33 7.88 0.70 1.98 0.12 0.00
0.88 0.37 164.11 42.36 123.24 185.95 0.95 0.42 0.00 0.00 78.02 7.53 0.93 0.31 1.25 10.87
0.61 0.17 509.32 60.74 121.12 193.71 0.81 1.80 0.00 0.00 40.39 6.62 1.28 2.03 0.16 0.00
0.72 0.15 338.24 188.61 190.96 46.89 0.63 9.65 0.00 0.00 74.37 41.33 1.49 3.54 0.04 0.00
0.57 0.29 407.16 46.23 259.42 89.68 1.98 0.64 0.00 0.00 18.65 75.89 1.20 1.67 0.17 0.00
0.52 0.25 478.50 59.13 121.28 77.09 1.76 1.37 0.00 0.00 93.72 23.89 0.15 0.20 0.89 8.65
0.68 0.46 321.89 33.32 202.55 179.58 1.38 0.49 0.00 0.00 44.49 95.55 1.63 0.17 1.45 9.17
0.57 0.42 163.98 155.80 284.78 49.34 0.24 0.12 0.00 0.00 61.71 71.24 1.86 1.49 0.85 0.00
0.96 0.29 250.07 138.03 175.98 53.23 0.71 1.09 0.00 0.00 36.84 79.14 1.63 1.56 0.64 0.00
0.82 0.20 561.97 74.97 144.03 57.68 1.84 0.63 0.00 0.00 83.67 1.52 0.72 1.70 0.20 0.00
0.53 0.12 198.97 140.54 106.36 81.17 0.44 0.54 0.00 0.00 20.54 70.31 0.46 2.17 0.29 0.00
0.67 0.34 482.13 71.75 255.89 140.24 0.88 9.85 0.00 0.00 59.10 95.76 1.10 0.31 1.06 6.30
0.67 0.31 269.64 36.73 268.49 119.84 1.80 0.12 0.00 0.00 40.06 88.93 1.26 1.36 0.21 0.00
0.78 0.23 510.96 88.97 255.29 152.25 0.71 1.38 0.00 0.00 20.86 78.03 0.39 1.98 0.25 0.00
0.62 0.21 398.51 27.56 198.31 174.00 1.78 2.06 0.00 0.00 80.36 92.31 0.47 3.88 0.02 0.00
0.68 0.08 506.30 101.20 158.63 54.48 1.34 2.50 0.00 0.00 68.99 23.38 0.33 4.10 0.00 0.00
0.54 0.37 500.19 303.98 167.01 80.92 0.35 3.99 0.00 0.00 39.50 97.66 1.72 1.88 1.81 0.00
0.87 0.23 696.23 124.25 286.95 49.36 1.25 3.41 0.00 0.00 66.76 44.83 1.79 2.16 0.14 0.00
0.99 0.32 446.39 57.09 147.37 75.13 1.87 1.20 0.00 0.00 55.32 1.87 0.81 0.18 1.06 8.97
0.80 0.30 245.25 33.58 156.81 144.06 1.63 0.24 0.00 0.00 76.24 51.47 1.82 1.08 0.32 0.00
0.53 0.48 695.90 83.36 205.93 105.87 0.99 1.13 0.00 0.00 69.77 52.63 0.94 0.23 3.59 18.08
0.78 0.33 685.66 56.38 204.47 97.90 1.52 0.19 0.00 0.00 97.83 52.89 1.66 0.20 1.13 7.58
0.74 0.33 508.40 157.27 268.47 45.26 0.97 4.05 0.00 0.00 31.88 25.80 1.29 1.15 0.49 0.00
0.51 0.31 661.89 145.40 287.74 37.94 1.31 0.80 0.00 0.00 96.37 48.51 0.87 0.27 1.52 7.76
0.59 0.37 617.15 123.12 251.46 54.87 1.13 0.28 0.00 0.00 75.12 55.58 1.86 0.26 2.20 10.88
0.58 0.49 144.35 33.68 172.97 123.89 1.68 0.23 0.00 0.00 71.87 56.62 0.66 0.16 1.66 11.10
0.72 0.34 565.48 50.97 271.73 93.35 1.75 0.13 0.00 0.00 76.46 20.41 1.41 0.50 0.63 0.00
0.91 0.46 122.82 121.35 245.20 41.42 0.17 0.13 0.00 0.00 14.37 6.52 0.33 2.31 0.00 0.00
0.91 0.40 146.68 119.66 261.93 19.48 0.84 4.08 0.00 0.00 10.35 80.84 0.36 2.87 0.00 0.00
0.65 0.10 157.03 90.44 220.48 37.52 1.18 6.05 0.00 0.00 46.64 53.97 0.78 3.99 0.00 0.00
0.92 0.38 393.69 64.55 266.15 94.09 1.28 0.29 0.00 0.00 70.75 77.34 1.50 0.28 1.21 6.92
0.78 0.46 328.99 96.35 225.39 135.69 0.66 0.14 0.00 0.00 19.45 28.54 0.38 0.37 2.35 12.21
0.68 0.41 392.01 65.98 228.55 116.91 1.05 0.22 0.00 0.00 94.84 44.60 1.53 0.21 1.81 9.95
0.58 0.30 650.32 185.27 265.64 91.89 0.57 3.70 0.00 0.00 33.67 67.45 0.43 0.68 1.56 0.00
0.66 0.46 116.56 84.37 274.43 36.32 0.92 0.19 0.00 0.00 77.30 48.41 1.77 1.63 0.37 0.00
0.82 0.29 193.01 168.05 145.47 132.63 0.23 0.95 0.00 0.00 11.12 50.57 1.85 2.15 0.73 0.00
0.60 0.13 270.41 237.74 134.54 14.83 0.51 1.49 0.00 0.00 38.43 53.69 0.75 2.88 0.00 0.00
0.56 0.33 366.75 134.60 245.49 65.23 0.79 2.63 0.00 0.00 44.82 26.73 1.51 0.82 0.89 0.00
0.63 0.14 218.32 79.98 182.07 105.84 0.81 0.11 0.00 0.00 97.92 9.90 0.39 3.11 0.06 0.00
0.59 0.32 192.87 80.64 168.80 98.22 0.80 0.37 0.00 0.00 66.21 80.90 1.52 0.74 1.21 0.00
0.70 0.07 167.04 158.04 185.81 20.12 0.36 0.48 0.00 0.00 88.10 10.37 1.12 3.75 0.00 0.00
0.75 0.28 523.22 36.91 194.93 155.80 1.48 0.65 0.00 0.00 57.49 87.23 0.99 1.50 0.21 0.00
0.53 0.42 230.91 66.17 295.53 68.15 1.45 2.22 0.00 0.00 52.59 94.35 0.18 0.15 1.14 6.29
0.85 0.16 373.98 86.38 164.43 45.33 1.80 0.40 0.00 0.00 46.89 4.96 1.38 2.56 0.06 0.00
0.83 0.14 234.36 183.97 233.89 96.31 0.31 0.37 0.00 0.00 34.42 68.27 0.33 2.59 0.19 0.00
0.86 0.39 142.92 116.70 195.17 87.44 0.37 0.53 0.00 0.00 34.79 75.70 1.35 1.66 0.83 0.00
0.62 0.36 620.93 115.68 212.70 92.22 0.82 0.12 0.00 0.00 42.69 27.53 0.80 0.27 2.28 12.29
0.77 0.05 314.30 139.33 101.84 28.25 1.31 0.19 0.00 0.00 86.33 71.37 0.47 3.49 0.01 0.00
0.86 0.43 383.58 227.22 129.54 61.19 0.47 5.10 0.00 0.00 90.69 12.10 0.14 4.58 0.00 0.00
0.68 0.13 182.23 97.05 117.44 23.35 1.90 4.89 0.00 0.00 78.64 98.84 0.63 4.10 0.00 0.00
0.99 0.23 688.87 461.93 278.23 98.91 0.25 0.26 0.00 0.00 63.39 56.93 0.80 1.31 1.42 0.00
0.76 0.33 522.32 416.46 244.23 43.27 0.30 1.17 0.00 0.00 78.24 9.23 1.52 2.08 0.67 0.00
0.85 0.38 370.69 67.32 256.62 110.00 1.07 8.08 0.00 0.00 93.67 15.41 1.99 0.20 0.92 6.03
0.74 0.17 373.02 172.39 260.70 23.29 1.25 0.87 0.00 0.00 90.68 65.12 1.39 2.33 0.11 0.00
0.74 0.37 146.00 70.07 166.40 40.13 1.69 3.80 0.00 0.00 43.57 6.51 0.22 4.11 0.00 0.00
0.75 0.05 173.24 36.00 162.22 179.96 1.16 4.50 0.00 0.00 85.56 78.75 1.95 4.00 0.01 0.00
0.58 0.06 328.90 73.09 126.18 74.61 1.32 1.68 0.00 0.00 97.40 43.58 1.87 3.93 0.01 0.00
0.89 0.46 259.35 47.01 132.15 92.10 1.73 8.29 0.00 0.00 41.82 74.28 0.24 0.14 2.11 15.60
0.81 0.13 510.76 56.89 101.06 93.94 1.52 3.62 0.00 0.00 11.20 5.61 1.80 3.43 0.02 0.00
0.80 0.18 154.96 35.26 256.98 132.76 1.51 0.28 0.00 0.00 32.71 98.96 0.15 2.24 0.00 0.00
0.69 0.14 188.92 166.32 225.34 14.00 0.64 3.97 0.00 0.00 67.99 53.91 0.65 4.00 0.00 0.00
0.83 0.30 623.98 176.20 297.90 151.27 0.45 0.18 0.00 0.00 93.10 47.23 0.78 0.61 1.69 0.00
0.58 0.22 418.01 49.49 178.48 93.16 1.75 1.69 0.00 0.00 93.01 63.70 1.31 2.12 0.12 0.00
0.93 0.47 670.67 78.15 134.02 113.36 0.99 5.48 0.00 0.00 47.65 76.72 0.23 0.27 3.57 22.91
0.53 0.50 605.24 335.31 102.17 184.47 0.25 0.35 0.00 0.00 58.19 43.30 1.16 0.51 9.62 0.00
0.61 0.44 128.58 115.65 111.41 10.63 0.86 1.88 0.00 0.00 27.21 91.90 1.23 2.11 0.00 0.00
0.75 0.22 278.04 193.21 209.97 121.00 0.32 3.49 0.00 0.00 44.70 17.47 1.18 2.96 0.14 0.00
0.55 0.15 265.53 58.81 296.47 125.92 1.03 0.10 0.00 0.00 64.87 1.74 0.94 3.31 0.03 0.00
1.00 0.18 135.62 89.55 172.36 24.52 1.42 0.21 0.00 0.00 25.29 80.96 1.25 1.78 0.00 0.00
0.80 0.07 463.03 90.69 104.55 52.24 1.55 0.46 0.00 0.00 38.47 66.33 0.89 3.13 0.03 0.00
0.74 0.11 412.71 54.91 173.09 81.69 1.77 1.09 0.00 0.00 18.77 91.07 0.79 3.51 0.01 0.00
0.80 0.18 537.59 351.36 144.58 65.91 0.34 0.17 0.00 0.00 47.05 23.35 0.81 1.64 0.72 0.00
0.69 0.42 534.31 37.15 209.59 126.97 1.81 3.77 0.00 0.00 51.45 51.12 0.38 0.11 1.18 7.75
0.97 0.10 455.45 155.34 164.12 28.51 1.37 0.20 0.00 0.00 46.05 16.16 1.98 2.55 0.01 0.00
0.76 0.23 266.51 149.80 128.55 104.00 0.46 0.14 0.00 0.00 87.03 43.87 0.61 1.36 0.88 0.00
0.75 0.48 340.37 40.67 108.22 169.85 1.20 0.82 0.00 0.00 44.15 11.30 1.46 0.14 2.76 22.53
0.68 0.16 606.13 50.69 110.81 86.85 1.92 0.16 0.00 0.00 92.95 79.14 1.60 1.98 0.12 0.00
0.84 0.48 196.44 75.37 105.05 66.82 1.16 0.10 0.00 0.00 20.38 81.27 1.92 0.36 3.69 29.47
0.87 0.34 330.68 114.05 166.11 63.72 0.92 8.60 0.00 0.00 30.85 17.16 1.79 3.96 0.00 0.00
0.60 0.15 647.73 241.18 289.09 153.47 0.36 0.89 0.00 0.00 95.24 46.84 0.44 1.86 0.44 0.00
0.66 0.19 205.54 108.04 259.44 48.71 0.92 0.10 0.00 0.00 68.77 15.63 1.06 3.09 0.01 0.00
0.79 0.33 560.11 92.34 264.12 133.17 0.76 0.97 0.00 0.00 65.36 94.67 0.23 0.51 1.18 0.00
0.98 0.40 277.87 51.87 233.48 104.61 1.38 1.73 0.00 0.00 59.84 13.50 1.70 0.31 0.78 6.00
0.54 0.40 522.88 41.68 111.88 140.63 1.44 4.96 0.00 0.00 59.79 19.41 0.49 0.14 2.00 16.77
0.58 0.32 203.79 194.71 229.85 58.05 0.20 1.63 0.00 0.00 66.02 44.89 1.70 2.81 0.30 0.00
0.77 0.25 414.62 354.95 146.30 69.84 0.23 0.30 0.00 0.00 79.99 65.85 1.93 1.22 1.62 0.00
0.91 0.24 338.09 211.52 137.34 185.43 0.28 0.56 0.00 0.00 52.28 42.84 1.86 1.49 1.17 0.00
0.79 0.47 310.25 54.72 123.40 111.39 1.26 0.11 0.00 0.00 57.32 96.85 1.37 0.27 3.09 21.86
0.68 0.40 644.89 39.16 269.09 192.05 1.18 0.40 0.00 0.00 38.96 86.16 1.31 0.19 1.09 6.37
0.79 0.46 548.02 282.42 255.59 141.40 0.31 1.63 0.00 0.00 23.75 80.39 0.50 1.37 2.52 0.00
0.94 0.11 419.55 280.64 251.35 10.67 1.07 7.34 0.00 0.00 36.29 52.80 1.73 3.81 0.00 0.00
0.77 0.11 115.46 86.06 149.85 185.72 0.35 0.33 0.00 0.00 37.39 24.74 1.42 2.62 0.07 0.00
0.62 0.20 689.82 63.39 106.54 129.64 1.07 0.33 0.00 0.00 16.25 98.50 0.49 0.98 0.57 0.00
0.79 0.18 308.83 65.85 178.72 110.80 1.05 0.36 0.00 0.00 81.56 52.69 1.27 1.67 0.18 0.00
0.54 0.15 688.99 405.40 130.11 140.81 0.25 1.09 0.00 0.00 15.78 0.98 1.45 1.71 1.18 0.00
0.92 0.45 344.92 54.78 204.77 71.49 1.99 0.82 0.00 0.00 10.27 55.41 0.10 2.18 0.00 0.00
0.84 0.35 601.86 288.57 224.12 80.83 0.41 0.16 0.00 0.00 98.78 83.79 1.38 0.82 2.60 0.00
0.82 0.14 141.93 79.76 162.57 64.93 0.88 3.43 0.00 0.00 86.89 54.63 1.63 3.50 0.03 0.00
0.90 0.08 166.85 37.99 200.46 173.68 1.12 2.14 0.00 0.00 14.46 44.69 1.24 3.14 0.00 0.00
0.79 0.36 440.77 62.59 115.60 63.82 1.99 0.18 0.00 0.00 23.45 97.37 1.84 0.23 2.17 17.21
0.83 0.40 120.34 40.91 298.84 75.49 1.98 6.15 0.00 0.00 87.91 76.67 0.14 4.44 0.00 0.00
0.63 0.18 229.15 23.26 227.26 196.00 1.81 0.36 0.00 0.00 20.29 52.71 0.57 3.40 0.00 0.00
0.53 0.49 215.74 112.43 165.42 47.25 0.92 5.02 0.00 0.00 76.31 64.69 0.26 0.42 2.54 0.00
0.74 0.26 128.44 29.00 239.32 146.19 1.67 7.06 0.00 0.00 94.34 77.44 0.51 4.30 0.02 0.00
0.82 0.21 396.03 75.01 260.97 162.47 0.75 2.96 0.00 0.00 38.82 58.13 0.17 3.68 0.02 0.00
0.86 0.07 277.86 31.98 131.65 197.63 1.30 3.86 0.00 0.00 72.82 27.78 1.91 3.91 0.01 0.00
0.63 0.25 453.19 36.73 249.60 158.20 1.45 0.85 0.00 0.00 40.89 85.37 1.12 2.21 0.08 0.00
0.77 0.23 365.39 73.11 166.00 131.49 0.87 0.88 0.00 0.00 57.26 25.59 0.66 1.61 0.29 0.00
0.70 0.47 345.05 31.16 296.03 166.75 1.60 1.79 0.00 0.00 24.43 0.53 1.06 0.31 0.89 5.63
0.98 0.09 186.47 115.29 153.28 53.10 0.72 0.28 0.00 0.00 82.08 90.17 0.36 3.11 0.04 0.00
0.98 0.25 630.69 77.16 150.55 60.45 1.72 0.13 0.00 0.00 29.25 5.75 0.14 2.12 0.00 0.00
0.76 0.35 587.16 56.72 167.37 76.16 1.93 1.07 0.00 0.00 96.19 53.36 0.40 0.17 1.37 9.80
0.56 0.44 214.17 124.15 178.76 51.98 0.74 0.21 0.00 0.00 38.95 76.88 0.11 1.27 1.02 0.00
0.53 0.50 627.06 461.87 240.01 198.81 0.18 0.83 0.00 0.00 39.72 66.12 0.80 1.52 3.18 0.00
0.95 0.23 694.45 45.90 118.12 137.97 1.36 0.20 0.00 0.00 97.16 68.69 1.72 0.82 0.49 0.00
0.78 0.10 564.87 64.27 168.33 76.31 1.65 3.18 0.00 0.00 76.93 81.71 0.42 3.85 0.01 0.00
0.69 0.46 509.10 62.63 137.26 115.66 1.15 0.19 0.00 0.00 86.89 97.60 0.15 0.27 3.34 21.79
0.54 0.37 334.49 157.78 201.26 75.00 0.59 1.00 0.00 0.00 86.84 56.32 0.86 0.66 2.07 0.00
0.69 0.41 556.32 237.63 179.25 55.64 0.58 2.36 0.00 0.00 52.76 70.63 0.53 0.65 2.97 0.00
0.98 0.24 170.95 74.33 298.49 77.31 0.98 0.25 0.00 0.00 37.20 50.93 0.53 3.15 0.03 0.00
0.71 0.27 196.10 56.31 114.80 113.22 1.08 0.19 0.00 0.00 79.28 55.96 0.61 0.95 0.67 0.00
0.86 0.09 249.95 41.90 140.72 96.82 1.89 1.28 0.00 0.00 41.37 27.98 0.63 3.68 0.00 0.00
0.99 0.21 101.89 101.23 135.11 126.47 0.12 1.62 0.00 0.00 74.57 99.34 1.82 2.38 0.30 0.00
0.60 0.24 472.64 319.00 240.73 116.62 0.27 0.33 0.00 0.00 27.76 48.32 1.97 1.27 1.46 0.00
0.57 0.37 480.78 90.40 184.23 55.93 1.47 1.29 0.00 0.00 60.86 53.80 1.19 0.21 2.20 13.10
0.63 0.23 389.43 122.40 171.60 26.30 1.97 2.57 0.00 0.00 36.80 57.55 0.38 3.53 0.00 0.00
0.88 0.15 284.67 40.26 142.19 117.40 1.66 0.42 0.00 0.00 16.77 97.64 0.35 3.33 0.01 0.00
0.62 0.10 359.38 92.01 296.80 67.50 1.14 0.10 0.00 0.00 97.62 47.88 1.73 2.77 0.03 0.00
0.91 0.10 180.34 161.29 279.67 43.81 0.34 4.44 0.00 0.00 51.00 98.13 1.55 3.55 0.02 0.00
0.65 0.33 527.60 48.61 193.36 123.61 1.39 0.81 0.00 0.00 20.14 71.40 0.96 0.24 1.01 7.25
0.60 0.25 539.93 27.34 214.03 195.87 1.62 0.67 0.00 0.00 59.72 48.83 1.28 2.67 0.04 0.00
0.78 0.33 307.43 245.22 219.11 41.03 0.39 3.28 0.00 0.00 72.35 58.95 1.31 2.66 0.36 0.00
0.94 0.45 640.19 31.82 223.64 152.98 1.79 2.62 0.00 0.00 31.58 89.01 1.24 0.14 1.06 6.96
0.53 0.26 160.95 79.75 109.02 50.11 1.19 2.68 0.00 0.00 39.85 15.94 0.62 3.50 0.00 0.00
0.59 0.39 496.98 347.12 228.55 45.62 0.38 0.28 0.00 0.00 51.43 49.15 1.29 1.40 1.58 0.00
0.98 0.43 372.22 139.89 165.99 54.52 0.86 0.68 0.00 0.00 70.64 80.10 1.38 0.51 2.46 0.00
0.88 0.14 642.71 201.64 205.06 189.21 0.37 0.13 0.00 0.00 95.07 50.19 1.97 0.79 0.99 0.00
0.82 0.50 138.77 34.08 244.07 170.29 1.22 0.38 0.00 0.00 56.06 77.71 0.64 0.25 1.26 7.54
0.96 0.37 168.96 63.41 202.80 78.05 1.19 7.47 0.00 0.00 45.92 49.74 0.88 2.61 0.13 0.00
0.54 0.17 117.53 44.70 250.13 76.32 1.66 0.16 0.00 0.00 88.95 8.14 1.09 3.87 0.01 0.00
0.76 0.34 670.78 78.58 217.91 72.06 1.43 2.11 0.00 0.00 55.61 76.45 1.61 0.24 1.37 8.33
0.71 0.48 357.41 41.67 109.69 140.34 1.39 1.23 0.00 0.00 56.63 71.95 1.52 0.20 2.93 23.17
0.50 0.08 251.95 46.52 135.86 101.33 1.58 4.00 0.00 0.00 35.15 84.86 0.16 3.82 0.00 0.00
0.80 0.13 401.17 48.66 200.34 174.04 1.02 0.83 0.00 0.00 32.19 69.33 0.94 2.97 0.03 0.00
0.83 0.30 524.29 50.64 258.18 89.95 1.82 0.12 0.00 0.00 70.59 94.80 1.29 0.77 0.47 0.00
0.78 0.20 614.94 235.32 169.65 14.96 1.60 1.51 0.00 0.00 73.06 2.57 1.14 1.96 0.18 0.00
0.58 0.21 322.37 23.82 109.52 191.47 1.87 0.87 0.00 0.00 63.09 0.72 1.23 3.78 0.03 0.00
0.50 0.16 195.58 91.41 260.26 126.76 0.60 0.24 0.00 0.00 27.51 76.66 1.47 1.51 0.22 0.00
0.88 0.23 391.65 56.27 138.52 114.74 1.24 1.07 0.00 0.00 60.62 84.85 1.97 1.23 0.38 0.00
0.70 0.15 320.15 316.53 260.07 152.13 0.11 4.42 0.00 0.00 30.66 93.92 1.64 2.72 0.40 0.00
0.65 0.31 325.02 73.73 212.70 50.14 1.93 5.23 0.00 0.00 85.99 53.48 1.64 0.34 0.76 5.95
0.53 0.22 251.20 180.73 137.50 110.94 0.33 1.29 0.00 0.00 11.00 86.92 1.52 1.83 0.96 0.00
0.56 0.32 179.19 163.46 242.05 47.77 0.30 0.57 0.00 0.00 23.29 72.84 1.60 1.87 0.58 0.00
0.58 0.43 675.24 25.85 181.35 196.85 1.73 0.60 0.00 0.00 27.05 13.16 1.59 0.08 1.00 7.48
0.55 0.20 233.01 153.09 169.58 160.16 0.33 0.37 0.00 0.00 23.56 75.41 0.62 1.37 0.91 0.00
0.70 0.41 688.15 45.01 158.23 103.67 1.84 4.80 0.00 0.00 73.41 91.09 1.09 0.16 1.71 11.90
0.87 0.49 574.90 47.12 267.24 126.94 1.41 2.92 0.00 0.00 13.31 91.67 0.41 0.18 1.57 8.34
0.72 0.29 168.75 48.54 293.42 112.85 1.22 0.51 0.00 0.00 41.35 97.32 0.56 2.25 0.12 0.00
0.55 0.40 426.80 78.91 227.55 130.69 0.84 3.62 0.00 0.00 73.27 42.63 1.94 0.24 1.97 10.60
0.76 0.22 290.25 81.75 256.93 59.08 1.37 0.67 0.00 0.00 44.52 66.97 1.20 1.99 0.14 0.00
0.60 0.37 151.45 23.89 280.72 187.66 1.72 0.99 0.00 0.00 93.92 55.29 1.03 2.33 0.08 0.00
0.90 0.30 439.53 30.94 203.97 191.47 1.44 0.34 0.00 0.00 14.70 64.36 1.49 1.38 0.19 0.00
0.53 0.37 428.80 170.15 110.31 19.38 1.67 0.14 0.00 0.00 29.72 46.33 1.61 0.26 3.96 28.10
0.54 0.17 321.01 127.02 154.46 60.18 0.84 0.27 0.00 0.00 93.99 80.29 0.80 1.30 0.54 0.00
0.68 0.36 620.96 48.17 112.16 94.20 1.87 0.71 0.00 0.00 67.27 12.73 0.38 0.13 1.79 15.35
0.84 0.11 500.59 139.64 228.48 112.30 0.60 4.85 0.00 0.00 54.39 13.30 1.07 3.80 0.01 0.00
0.81 0.44 482.28 40.97 257.29 107.34 1.92 0.59 0.00 0.00 19.90 10.81 0.92 0.19 1.04 6.66
0.58 0.47 583.81 39.02 259.51 187.59 1.20 0.64 0.00 0.00 25.85 96.14 0.81 0.16 1.62 8.64
0.99 0.10 145.94 139.25 238.08 169.99 0.16 0.11 0.00 0.00 98.22 52.84 1.19 1.74 0.18 0.00
0.72 0.15 687.67 105.75 129.70 37.24 1.99 0.38 0.00 0.00 71.19 88.83 1.89 1.32 0.33 0.00
0.52 0.15 112.42 34.51 242.86 166.02 1.15 1.72 0.00 0.00 72.44 84.12 0.63 4.21 0.01 0.00
0.71 0.08 330.11 192.88 256.44 10.86 1.82 0.40 0.00 0.00 61.88 96.38 0.96 2.75 0.00 0.00
0.58 0.07 671.06 395.41 113.09 18.27 0.68 4.12 0.00 0.00 67.08 84.83 0.63 2.72 0.18 0.00
0.83 0.24 578.66 336.17 181.98 28.77 0.58 0.87 0.00 0.00 21.44 0.73 1.00 1.74 0.60 0.00
0.94 0.30 138.53 25.96 181.15 151.97 1.90 2.52 0.00 0.00 92.52 23.11 0.64 3.56 0.03 0.00
0.66 0.48 114.75 23.40 268.93 166.01 1.89 7.11 0.00 0.00 34.16 69.52 0.43 0.72 0.38 0.00
0.64 0.23 201.29 187.68 174.65 49.97 0.25 0.98 0.00 0.00 49.87 40.38 0.67 2.71 0.24 0.00
0.80 0.29 291.33 67.61 140.80 55.07 1.90 0.20 0.00 0.00 86.51 73.47 1.57 0.30 1.10 9.38
0.73 0.31 581.23 111.41 147.56 145.07 0.63 9.36 0.00 0.00 76.94 46.42 1.16 0.33 2.01 13.45
0.95 0.46 237.82 185.17 191.36 59.45 0.39 9.22 0.00 0.00 72.61 54.93 1.98 3.22 0.26 0.00
0.95 0.45 102.34 43.74 192.44 154.90 0.88 0.13 0.00 0.00 54.84 42.71 0.92 0.86 0.82 0.00
0.53 0.36 208.44 26.27 134.09 183.23 1.66 0.25 0.00 0.00 58.15 83.58 0.53 0.26 0.72 6.98
0.79 0.44 531.16 190.24 191.32 75.56 0.59 2.14 0.00 0.00 90.57 84.04 1.12 0.61 3.13 0.00
0.93 0.32 692.67 516.84 253.23 13.82 0.52 5.98 0.00 0.00 73.36 50.68 0.98 3.19 0.11 0.00
0.71 0.32 357.47 146.34 273.76 80.69 0.63 3.27 0.00 0.00 24.37 24.79 1.23 2.01 0.32 0.00
0.61 0.43 121.06 59.17 273.99 102.19 0.88 3.11 0.00 0.00 72.59 57.06 0.17 3.76 0.05 0.00
0.55 0.43 171.33 60.54 150.78 183.60 0.69 1.36 0.00 0.00 82.90 9.93 1.43 0.33 2.17 14.38
0.78 0.38 631.35 606.31 172.46 80.90 0.13 1.51 0.00 0.00 31.80 82.87 0.72 2.37 1.45 0.00
0.52 0.47 311.69 171.67 174.79 164.13 0.35 0.14 0.00 0.00 64.37 93.16 0.57 0.65 4.71 0.00
0.90 0.33 454.87 54.07 269.82 93.00 1.60 0.17 0.00 0.00 48.51 7.46 0.40 1.31 0.22 0.00
0.55 0.09 312.23 37.25 111.06 163.07 1.34 6.53 0.00 0.00 37.00 55.50 1.99 4.32 0.01 0.00
0.55 0.06 673.13 41.19 228.79 173.56 1.23 1.49 0.00 0.00 33.45 15.19 1.93 3.84 0.00 0.00
0.72 0.26 675.83 87.69 121.40 193.22 0.64 1.05 0.00 0.00 26.30 40.15 1.46 0.38 1.73 13.51
0.52 0.14 365.39 71.95 219.89 175.15 0.73 0.50 0.00 0.00 25.78 40.96 0.66 2.74 0.06 0.00
0.88 0.36 541.23 51.99 164.30 157.36 1.07 8.42 0.00 0.00 30.43 69.03 0.50 0.22 1.28 9.29
0.69 0.32 692.46 37.28 215.85 164.15 1.42 0.33 0.00 0.00 33.98 69.85 0.39 0.65 0.45 0.00
0.59 0.29 268.82 24.03 118.36 179.81 1.95 0.24 0.00 0.00 21.16 78.47 1.88 1.64 0.14 0.00
0.70 0.15 548.71 158.46 278.07 21.45 1.93 4.61 0.00 0.00 36.59 50.59 1.27 3.68 0.00 0.00
1.00 0.44 201.13 28.25 151.99 172.72 1.61 0.34 0.00 0.00 97.72 42.53 0.93 0.18 1.11 8.97
0.86 0.30 255.38 217.65 273.17 71.12 0.28 0.81 0.00 0.00 52.67 90.63 1.44 1.63 0.85 0.00
0.93 0.35 137.17 115.69 284.56 10.11 1.25 1.92 0.00 0.00 14.61 5.30 0.37 3.76 0.00 0.00
0.82 0.06 528.16 29.82 126.46 148.08 1.98 1.53 0.00 0.00 39.39 18.70 0.63 3.95 0.00 0.00
0.96 0.37 674.82 72.49 239.41 69.81 1.61 5.58 0.00 0.00 98.29 63.42 1.28 0.17 1.13 6.99
0.70 0.25 194.74 131.94 163.51 83.38 0.47 0.26 0.00 0.00 28.98 91.87 0.28 1.85 0.64 0.00
0.50 0.17 651.73 106.95 252.33 128.18 0.71 1.42 0.00 0.00 21.54 95.73 0.68 1.83 0.24 0.00
0.54 0.40 532.98 28.77 152.62 173.01 1.74 0.20 0.00 0.00 96.66 47.49 0.91 0.14 1.09 8.70
0.96 0.29 290.69 223.39 153.64 10.68 0.97 1.25 0.00 0.00 78.16 52.83 0.93 3.06 0.00 0.00
0.67 0.22 197.40 84.03 291.27 192.45 0.52 0.53 0.00 0.00 35.02 19.71 1.18 2.07 0.15 0.00
0.70 0.16 588.32 40.80 159.31 116.83 1.79 0.37 0.00 0.00 58.68 23.43 1.88 3.41 0.02 0.00
0.58 0.18 274.64 243.38 244.97 90.82 0.22 0.20 0.00 0.00 29.29 20.97 0.81 2.29 0.28 0.00
0.69 0.46 226.93 65.74 235.35 60.16 1.64 7.86 0.00 0.00 31.39 88.44 0.26 0.02 1.47 8.64
0.58 0.43 634.22 43.18 129.42 132.57 1.49 0.68 0.00 0.00 37.34 92.79 0.89 0.20 2.27 17.01
0.58 0.39 681.97 124.67 173.95 105.10 0.72 0.34 0.00 0.00 77.86 43.14 2.00 0.32 3.42 18.63
0.94 0.36 306.30 91.07 282.24 40.34 1.75 0.23 0.00 0.00 11.47 82.80 0.14 1.66 0.00 0.00
0.70 0.17 615.16 75.19 206.51 69.71 1.53 4.73 0.00 0.00 17.55 68.79 1.35 3.09 0.05 0.00
0.91 0.18 261.33 154.34 124.95 13.79 1.76 0.93 0.00 0.00 52.61 71.16 0.31 3.41 0.00 0.00
0.53 0.49 359.69 28.24 187.16 173.64 1.72 0.48 0.00 0.00 36.41 82.01 1.93 0.12 1.53 10.04
0.67 0.44 159.05 48.97 156.89 72.77 1.78 0.80 0.00 0.00 53.28 91.46 1.97 0.23 1.73 12.16
0.94 0.44 200.79 111.76 260.52 77.24 0.64 1.08 0.00 0.00 39.39 47.28 1.43 1.51 0.69 0.00
0.96 0.19 388.78 74.24 114.12 98.60 1.07 3.61 0.00 0.00 29.41 54.24 1.17 1.96 0.22 0.00
0.81 0.40 632.65 147.67 174.27 157.27 0.50 0.23 0.00 0.00 52.79 87.35 1.12 0.57 3.57 0.00
0.92 0.17 172.27 29.19 126.28 166.78 1.56 0.52 0.00 0.00 43.06 88.55 0.97 2.98 0.03 0.00
0.59 0.11 165.60 57.19 253.45 73.45 1.43 0.67 0.00 0.00 75.29 9.78 1.77 3.66 0.01 0.00
0.85 0.40 589.88 216.08 140.33 67.69 0.58 1.39 0.00 0.00 16.33 72.72 0.68 0.62 3.52 0.00
0.64 0.11 461.35 50.65 234.98 135.14 1.22 4.80 0.00 0.00 83.76 5.75 1.87 4.04 0.01 0.00
0.63 0.14 306.41 31.49 193.91 198.21 1.33 0.52 0.00 0.00 49.93 9.89 1.79 3.50 0.01 0.00
0.86 0.10 446.31 40.06 296.92 173.05 1.23 4.41 0.00 0.00 66.00 86.72 0.83 4.06 0.01 0.00
1.00 0.31 162.90 47.93 293.40 83.54 1.61 1.51 0.00 0.00 79.39 24.29 1.75 3.37 0.02 0.00
0.82 0.16 424.00 155.03 208.67 19.04 1.99 2.10 0.00 0.00 76.86 60.39 1.03 3.66 0.01 0.00
0.86 0.05 338.03 46.35 233.58 100.69 1.69 0.92 0.00 0.00 50.06 96.38 1.92 3.30 0.00 0.00
0.82 0.41 218.75 26.80 127.63 166.97 1.80 1.72 0.00 0.00 18.09 75.65 0.15 0.11 0.98 9.26
0.63 0.29 473.17 241.40 178.03 32.53 0.72 0.28 0.00 0.00 21.92 85.69 1.96 0.94 1.74 0.00
0.84 0.47 281.92 42.31 124.63 125.18 1.47 0.22 0.00 0.00 15.75 28.40 0.46 0.17 2.33 17.79
0.76 0.39 438.90 73.01 158.87 67.73 1.54 0.54 0.00 0.00 27.44 0.17 1.63 0.18 2.08 13.85
0.81 0.10 387.29 25.64 291.63 192.74 1.73 6.48 0.00 0.00 35.62 92.66 0.25 4.18 0.00 0.00
0.55 0.42 522.48 123.80 176.74 53.20 1.11 0.16 0.00 0.00 59.71 88.11 1.87 0.32 3.67 19.25
0.73 0.35 386.24 29.99 228.09 154.38 1.83 0.50 0.00 0.00 68.99 93.83 1.04 1.18 0.28 0.00
0.58 0.28 158.10 132.54 223.95 39.95 0.48 3.93 0.00 0.00 73.62 8.00 1.13 3.93 0.00 0.00
0.75 0.12 553.99 265.14 100.69 88.12 0.41 5.73 0.00 0.00 55.67 96.22 1.27 2.26 0.58 0.00
0.51 0.47 629.10 44.80 252.06 96.96 1.98 1.84 0.00 0.00 97.24 83.48 0.47 0.11 1.80 9.54
0.64 0.31 156.50 106.78 131.78 18.01 1.51 0.70 0.00 0.00 35.40 49.58 0.62 2.45 0.00 0.00
0.78 0.08 103.88 32.75 212.90 126.74 1.51 2.64 0.00 0.00 80.99 58.11 1.69 3.90 0.00 0.00
0.87 0.09 504.28 247.46 236.38 83.70 0.43 7.27 0.00 0.00 17.03 87.00 1.62 2.96 0.11 0.00
0.58 0.29 141.83 139.73 164.39 13.31 0.26 1.10 0.00 0.00 40.18 93.22 0.28 2.92 0.00 0.00
0.99 0.21 690.88 466.27 286.91 107.40 0.24 0.38 0.00 0.00 11.98 92.88 1.73 1.17 1.85 0.00
0.80 0.41 413.81 161.67 205.45 22.81 1.51 7.35 0.00 0.00 68.51 54.36 0.36 0.03 1.38 8.98
0.67 0.10 355.36 35.67 179.78 168.34 1.38 0.59 0.00 0.00 44.24 54.47 1.60 3.53 0.01 0.00
0.72 0.42 108.59 33.11 233.98 115.64 1.66 0.13 0.00 0.00 40.99 58.67 0.51 1.45 0.27 0.00
0.61 0.21 339.49 47.74 108.26 188.32 0.96 0.50 0.00 0.00 93.77 99.04 1.96 1.16 0.39 0.00
0.66 0.42 543.60 119.48 285.03 55.11 1.13 1.70 0.00 0.00 20.41 40.93 0.19 0.01 1.71 8.82
0.77 0.32 278.90 209.47 186.56 183.11 0.24 0.26 0.00 0.00 22.18 90.09 2.00 1.06 2.27 0.00
0.80 0.23 667.46 27.35 189.09 183.56 1.75 0.30 0.00 0.00 63.28 14.11 0.30 3.90 0.00 0.00
0.68 0.14 150.37 42.48 221.40 151.11 1.08 0.38 0.00 0.00 85.63 21.65 0.87 3.85 0.01 0.00
0.98 0.41 320.20 35.90 290.50 159.99 1.42 1.08 0.00 0.00 55.51 17.64 1.46 1.19 0.26 0.00
0.55 0.13 596.20 58.44 237.51 79.43 1.78 0.17 0.00 0.00 54.92 60.03 0.44 3.93 0.01 0.00
0.62 0.29 534.82 358.73 281.95 13.51 0.76 6.86 0.00 0.00 22.81 15.32 0.70 3.88 0.00 0.00
0.83 0.45 415.78 137.88 106.50 61.31 0.84 0.21 0.00 0.00 30.49 45.75 0.71 0.34 4.55 31.02
0.85 0.42 615.30 41.58 282.95 129.64 1.58 0.18 0.00 0.00 60.27 91.18 1.35 0.17 1.14 6.39
0.61 0.44 652.40 567.93 281.11 198.44 0.14 0.31 0.00 0.00 65.10 87.08 0.20 1.87 2.70 0.00
0.58 0.11 414.93 45.48 120.01 123.77 1.45 1.21 0.00 0.00 37.33 95.35 1.39 3.50 0.02 0.00
0.69 0.26 323.51 66.32 121.70 62.34 1.76 0.40 0.00 0.00 45.26 86.63 0.75 0.36 1.06 9.85
0.66 0.09 245.42 42.81 139.87 91.41 1.95 2.51 0.00 0.00 66.20 42.34 1.37 4.04 0.00 0.00
0.87 0.33 440.93 74.39 270.26 72.79 1.41 1.05 0.00 0.00 26.80 43.44 0.77 1.22 0.37 0.00
0.60 0.12 200.77 93.59 261.09 46.12 1.17 8.63 0.00 0.00 24.00 20.91 0.68 4.33 0.00 0.00
0.88 0.14 129.89 83.20 130.43 50.26 0.89 0.73 0.00 0.00 51.40 15.95 0.69 3.26 0.00 0.00
0.61 0.31 351.90 184.43 278.95 197.73 0.32 0.34 0.00 0.00 19.34 53.64 1.76 0.96 1.75 0.00
0.54 0.30 623.13 113.47 290.62 140.32 0.64 0.11 0.00 0.00 81.65 43.17 1.29 0.31 1.66 8.04
0.56 0.12 373.01 31.27 295.79 169.47 1.58 5.95 0.00 0.00 51.36 49.74 0.37 4.46 0.00 0.00
0.51 0.43 203.45 45.38 297.37 103.00 1.52 2.20 0.00 0.00 88.47 21.18 1.76 0.26 0.98 5.78
0.79 0.28 616.69 61.18 217.85 145.66 1.00 0.58 0.00 0.00 34.90 73.76 1.43 0.73 0.67 0.00
0.89 0.38 280.75 46.64 282.53 90.15 1.82 0.87 0.00 0.00 57.84 56.00 0.63 1.48 0.24 0.00
0.80 0.34 516.34 189.95 119.46 16.28 1.88 0.40 0.00 0.00 55.01 10.06 0.72 3.53 0.00 0.00
0.63 0.38 567.87 203.33 112.43 186.20 0.36 2.97 0.00 0.00 56.75 66.87 0.89 0.55 4.95 0.00
0.67 0.19 671.74 33.58 263.17 134.14 1.95 6.88 0.00 0.00 21.09 16.10 0.68 4.22 0.00 0.00
1.00 0.13 255.00 85.72 140.22 118.91 0.74 2.03 0.00 0.00 88.96 60.95 1.86 2.33 0.12 0.00
0.90 0.18 612.27 352.82 171.21 46.64 0.44 0.31 0.00 0.00 61.12 74.34 0.65 1.40 1.04 0.00
0.76 0.14 120.19 65.77 241.36 141.56 0.62 0.17 0.00 0.00 67.75 15.99 0.41 3.10 0.00 0.00
0.82 0.18 349.99 77.84 189.41 189.49 0.65 0.67 0.00 0.00 95.53 8.13 0.10 3.43 0.02 0.00
0.69 0.12 522.25 413.37 112.64 127.96 0.20 1.50 0.00 0.00 44.90 6.53 1.26 2.25 0.66 0.00
0.79 0.46 185.24 78.80 131.30 179.31 0.56 5.68 0.00 0.00 83.18 52.02 0.88 0.46 2.46 0.00
0.75 0.08 434.78 78.47 146.17 76.55 1.27 0.14 0.00 0.00 53.15 22.57 0.11 3.57 0.00 0.00
0.99 0.35 529.21 24.69 182.55 187.44 1.90 0.79 0.00 0.00 92.45 69.28 1.15 1.39 0.21 0.00
0.72 0.09 246.25 56.74 271.05 79.95 1.55 5.94 0.00 0.00 67.20 43.76 0.30 4.51 0.00 0.00
0.68 0.25 327.13 31.04 165.58 151.81 1.76 1.79 0.00 0.00 76.05 43.07 1.56 2.72 0.06 0.00
0.88 0.16 168.36 88.73 166.75 65.15 0.86 0.25 0.00 0.00 78.78 19.61 0.92 3.28 0.03 0.00
0.53 0.18 437.69 374.32 152.56 13.19 0.47 1.12 0.00 0.00 90.53 49.92 0.21 3.69 0.00 0.00
0.72 0.14 583.90 40.23 167.91 118.52 1.79 0.65 0.00 0.00 59.90 64.55 1.41 3.31 0.02 0.00
0.69 0.34 224.87 28.97 172.21 158.26 1.74 0.17 0.00 0.00 83.78 83.72 0.28 1.48 0.22 0.00
0.58 0.29 305.48 282.58 292.68 78.30 0.19 3.75 0.00 0.00 46.30 17.24 1.15 4.29 0.04 0.00
0.54 0.16 243.31 116.39 228.37 29.19 1.41 0.17 0.00 0.00 94.24 8.13 0.93 3.52 0.03 0.00
0.64 0.34 132.11 96.12 200.88 17.16 1.51 0.61 0.00 0.00 71.15 74.22 0.84 2.46 0.00 0.00
0.50 0.35 112.26 74.79 169.30 121.35 0.53 0.14 0.00 0.00 19.27 15.38 1.32 1.72 0.42 0.00
0.68 0.07 299.96 40.44 234.91 104.77 1.88 0.98 0.00 0.00 43.55 98.90 0.98 3.53 0.00 0.00
0.90 0.10 698.09 125.11 199.38 146.94 0.59 0.26 0.00 0.00 95.24 48.62 1.93 1.39 0.23 0.00
0.60 0.05 278.43 140.35 210.36 49.98 0.78 5.40 0.00 0.00 67.03 19.20 0.61 4.38 0.00 0.00
0.55 0.31 104.65 21.24 217.79 184.06 1.88 0.92 0.00 0.00 71.15 44.87 0.71 3.90 0.02 0.00
0.54 0.16 444.99 108.15 198.64 76.47 0.93 0.15 0.00 0.00 35.71 40.06 1.59 1.33 0.31 0.00
0.60 0.20 434.15 69.35 117.01 91.35 1.24 0.21 0.00 0.00 48.32 67.92 1.48 0.92 0.57 0.00
0.76 0.31 500.67 84.92 222.95 87.42 1.08 0.13 0.00 0.00 75.09 43.00 0.92 0.29 1.25 7.75
0.75 0.48 681.32 157.48 155.33 74.94 0.74 0.50 0.00 0.00 38.20 50.85 1.53 0.36 4.87 26.69
0.89 0.09 122.35 80.28 247.42 174.32 0.43 0.34 0.00 0.00 62.60 83.99 1.67 2.20 0.06 0.00
0.87 0.06 406.42 54.65 252.89 128.08 1.17 1.93 0.00 0.00 19.29 6.48 1.68 3.10 0.00 0.00
0.54 0.46 169.63 129.38 203.57 151.18 0.31 0.72 0.00 0.00 30.08 68.83 1.62 1.63 1.48 0.00
0.77 0.31 314.52 270.25 248.89 80.24 0.24 1.53 0.00 0.00 70.33 27.24 0.27 3.57 0.13 0.00
0.93 0.36 366.01 32.19 273.14 145.17 1.79 4.56 0.00 0.00 79.05 67.30 0.73 2.71 0.07 0.00
0.89 0.45 302.42 27.35 112.04 159.89 1.92 0.29 0.00 0.00 14.44 13.53 0.57 0.11 1.46 13.51
0.98 0.48 267.97 42.86 193.89 97.86 1.84 0.56 0.00 0.00 78.47 87.81 1.02 0.18 1.65 10.42
0.52 0.31 616.57 39.54 284.31 157.93 1.38 9.85 0.00 0.00 35.91 29.04 1.05 2.82 0.06 0.00
0.81 0.26 402.45 51.52 166.47 97.84 1.58 7.54 0.00 0.00 73.99 29.30 1.37 2.01 0.13 0.00
0.65 0.50 653.47 261.51 179.48 127.50 0.37 0.46 0.00 0.00 61.08 78.71 1.98 0.64 5.70 0.00
0.96 0.13 385.86 292.27 229.95 48.94 0.36 0.88 0.00 0.00 49.60 46.56 1.26 2.04 0.26 0.00
1.00 0.14 134.06 30.89 295.93 197.57 1.19 0.23 0.00 0.00 36.08 99.01 0.20 2.25 0.00 0.00
0.60 0.09 405.82 387.16 206.46 77.90 0.15 0.15 0.00 0.00 67.32 67.75 1.71 1.24 0.72 0.00
0.81 0.34 635.23 172.05 272.36 138.79 0.48 0.11 0.00 0.00 91.75 88.56 1.72 0.56 2.52 0.00
0.98 0.39 452.68 121.30 209.99 33.79 1.63 7.51 0.00 0.00 93.12 67.01 1.75 0.18 1.39 8.79
0.69 0.10 656.03 551.26 274.36 85.51 0.19 0.18 0.00 0.00 57.65 96.33 1.07 1.10 1.20 0.00
0.89 0.41 290.87 37.82 180.52 190.14 1.15 9.94 0.00 0.00 31.83 94.86 1.15 0.21 1.09 7.92
0.95 0.09 362.32 187.53 269.22 121.32 0.40 1.92 0.00 0.00 66.56 61.12 1.44 2.34 0.12 0.00
0.60 0.28 241.00 146.39 120.81 191.71 0.33 6.73 0.00 0.00 38.40 70.96 0.57 2.35 0.79 0.00
0.83 0.31 202.23 111.70 157.49 27.39 1.35 4.67 0.00 0.00 50.37 0.36 1.18 3.80 0.00 0.00
0.86 0.21 328.43 191.79 199.32 166.21 0.32 3.18 0.00 0.00 64.66 0.16 0.74 2.40 0.33 0.00
0.77 0.22 646.55 616.82 179.84 14.47 0.22 0.26 0.00 0.00 79.53 9.60 0.40 2.99 0.19 0.00
0.66 0.29 117.02 38.65 268.25 86.98 1.83 0.98 0.00 0.00 68.52 71.78 0.55 3.85 0.03 0.00
0.95 0.14 316.50 27.74 219.52 178.02 1.69 0.98 0.00 0.00 18.57 77.33 0.90 3.25 0.01 0.00
0.77 0.35 628.37 240.15 242.51 46.37 0.67 0.18 0.00 0.00 42.11 42.39 0.91 0.56 1.99 0.00
0.58 0.23 183.63 98.78 215.27 43.38 1.05 5.97 0.00 0.00 30.93 44.44 1.25 3.67 0.00 0.00
0.80 0.39 429.99 255.79 237.11 54.02 0.47 0.40 0.00 0.00 20.38 86.59 0.99 1.21 1.84 0.00
0.99 0.36 592.54 59.34 104.58 144.23 1.03 0.59 0.00 0.00 83.99 91.69 1.76 0.32 2.27 18.21
0.81 0.07 276.69 174.26 105.85 16.65 1.20 0.27 0.00 0.00 40.84 46.46 0.18 3.42 0.00 0.00
0.70 0.25 500.44 457.22 205.22 123.85 0.15 0.14 0.00 0.00 86.95 52.58 0.43 1.81 1.30 0.00
0.66 0.19 524.85 34.67 112.55 133.86 1.85 5.75 0.00 0.00 81.09 60.18 0.25 3.63 0.04 0.00
0.98 0.22 178.71 55.95 289.59 81.27 1.39 0.16 0.00 0.00 63.28 95.51 1.37 2.04 0.08 0.00
0.76 0.48 399.77 63.01 295.46 82.67 1.48 6.34 0.00 0.00 47.20 81.23 0.54 0.16 1.61 7.99
0.69 0.16 496.34 31.99 154.92 150.60 1.78 0.18 0.00 0.00 85.44 2.13 1.45 3.41 0.02 0.00
0.53 0.06 458.84 191.74 115.52 49.78 0.71 1.65 0.00 0.00 68.63 99.78 1.62 2.53 0.12 0.00
0.68 0.05 365.58 255.37 234.87 65.63 0.37 0.11 0.00 0.00 49.06 98.41 1.70 1.69 0.14 0.00
0.64 0.48 571.79 37.35 156.78 149.55 1.53 0.31 0.00 0.00 48.53 77.82 1.15 0.16 2.14 14.48
0.95 0.48 146.71 30.16 251.42 126.68 1.92 0.61 0.00 0.00 24.47 81.42 0.38 0.45 0.66 0.00
0.52 0.07 439.77 235.66 263.69 67.17 0.47 5.96 0.00 0.00 19.51 16.72 1.10 3.58 0.00 0.00
0.59 0.21 130.24 80.19 225.26 50.86 0.95 1.41 0.00 0.00 90.52 75.47 1.45 2.84 0.08 0.00
0.88 0.37 187.06 62.57 275.20 123.74 0.89 0.41 0.00 0.00 10.30 51.96 1.23 1.07 0.58 0.00
0.51 0.10 118.03 62.98 135.00 104.83 0.78 0.19 0.00 0.00 34.16 89.49 1.81 2.92 0.04 0.00
0.96 0.16 500.64 204.18 108.54 53.60 0.66 0.38 0.00 0.00 84.39 66.59 1.11 1.20 0.89 0.00
0.68 0.19 210.94 51.86 264.43 128.55 1.09 0.36 0.00 0.00 91.29 87.44 1.82 1.86 0.10 0.00
0.59 0.24 182.24 90.65 140.84 128.02 0.58 0.37 0.00 0.00 43.67 19.28 0.72 1.72 0.38 0.00
0.76 0.40 548.89 29.35 258.28 190.22 1.55 0.35 0.00 0.00 31.42 88.98 1.50 0.45 0.67 0.00
0.88 0.26 192.35 29.51 236.77 182.88 1.44 2.38 0.00 0.00 57.01 50.05 1.12 3.27 0.03 0.00
0.98 0.31 570.79 174.46 164.10 66.77 0.70 3.47 0.00 0.00 83.75 72.58 1.27 0.62 1.67 0.00
0.61 0.05 151.88 82.82 291.52 99.02 0.67 0.54 0.00 0.00 25.44 68.95 0.14 2.34 0.00 0.00
0.52 0.36 697.47 62.29 266.37 148.66 0.98 0.85 0.00 0.00 98.41 10.30 1.37 0.11 1.28 7.14
0.61 0.44 151.35 143.05 240.42 84.72 0.21 0.62 0.00 0.00 71.03 5.62 0.36 3.01 0.35 0.00
0.55 0.22 557.56 38.94 155.67 115.87 1.90 0.18 0.00 0.00 49.95 48.53 0.23 3.37 0.04 0.00
0.93 0.35 198.77 80.00 120.88 122.52 0.71 1.76 0.00 0.00 82.89 71.42 1.57 0.63 1.53 0.00
0.87 0.22 449.41 217.11 116.28 101.56 0.42 7.11 0.00 0.00 75.77 54.64 1.63 2.17 0.62 0.00
0.78 0.14 690.48 227.93 235.70 29.06 1.00 0.66 0.00 0.00 67.36 66.38 1.19 1.67 0.28 0.00
0.57 0.15 642.03 433.74 294.95 93.97 0.26 0.30 0.00 0.00 88.94 99.94 1.43 1.03 1.57 0.00
0.52 0.16 514.61 97.25 245.04 122.80 0.76 0.50 0.00 0.00 72.17 82.97 1.81 1.29 0.31 0.00
0.62 0.29 350.46 48.93 262.14 153.62 1.10 0.17 0.00 0.00 78.77 61.78 0.75 1.14 0.35 0.00
0.59 0.40 643.93 150.39 117.84 49.08 1.02 6.37 0.00 0.00 25.22 14.65 0.91 0.13 4.70 31.21
0.99 0.20 518.59 265.11 179.47 141.26 0.32 0.33 0.00 0.00 40.70 43.32 1.75 1.15 1.24 0.00
0.83 0.22 613.26 79.40 195.02 89.58 1.16 2.29 0.00 0.00 69.75 89.37 1.48 1.54 0.30 0.00
0.96 0.16 154.54 26.65 224.80 195.05 1.46 0.54 0.00 0.00 22.53 56.58 1.92 3.13 0.01 0.00
0.55 0.44 237.83 148.34 198.58 49.38 0.64 0.90 0.00 0.00 14.99 63.05 0.97 1.43 1.33 0.00
0.79 0.15 162.11 83.11 280.35 120.53 0.62 0.25 0.00 0.00 38.89 85.05 0.10 2.04 0.00 0.00
0.59 0.23 181.90 46.12 279.74 139.83 1.11 0.62 0.00 0.00 66.99 74.08 0.88 2.45 0.08 0.00
0.76 0.40 494.13 45.25 104.48 142.04 1.31 4.66 0.00 0.00 33.16 62.83 0.90 0.21 2.20 18.62
0.90 0.38 694.89 33.40 298.74 154.20 1.69 5.87 0.00 0.00 26.12 1.19 1.66 2.19 0.08 0.00
0.82 0.39 214.74 182.17 257.66 27.27 0.48 2.23 0.00 0.00 29.60 91.74 1.05 2.50 0.32 0.00
0.97 0.44 449.55 88.27 172.41 64.95 1.30 8.42 0.00 0.00 21.23 54.34 0.55 0.17 2.19 13.68
0.97 0.33 256.02 109.39 286.32 67.42 0.83 0.75 0.00 0.00 86.36 61.28 1.78 1.29 0.53 0.00
0.50 0.13 242.55 151.19 196.13 39.08 0.73 0.27 0.00 0.00 35.46 48.23 1.70 2.07 0.15 0.00
0.75 0.09 398.57 28.50 146.57 180.45 1.65 0.33 0.00 0.00 80.51 70.58 0.64 3.78 0.01 0.00
0.69 0.48 439.63 224.84 166.03 128.15 0.36 0.10 0.00 0.00 77.07 99.86 1.93 0.63 5.90 0.00
0.64 0.11 412.71 58.74 184.43 87.80 1.52 0.30 0.00 0.00 17.85 97.21 0.13 2.18 0.00 0.00
0.73 0.26 184.52 147.31 281.29 19.75 0.77 0.78 0.00 0.00 44.64 22.87 0.29 3.46 0.00 0.00
0.58 0.21 659.84 31.18 114.50 194.72 1.44 0.33 0.00 0.00 42.46 19.64 1.55 3.00 0.05 0.00
0.98 0.06 572.39 416.13 125.14 18.46 0.52 2.25 0.00 0.00 27.99 85.03 1.99 2.51 0.14 0.00
0.90 0.16 541.95 74.70 210.96 93.31 1.17 0.17 0.00 0.00 36.79 98.35 1.32 1.48 0.18 0.00
0.60 0.05 108.81 40.56 193.01 98.53 1.44 0.10 0.00 0.00 50.87 75.81 1.65 2.95 0.00 0.00
0.77 0.27 573.62 34.06 218.31 178.64 1.42 0.60 0.00 0.00 21.07 70.64 0.11 2.53 0.00 0.00
0.72 0.06 378.97 95.79 152.68 164.89 0.61 1.17 0.00 0.00 80.55 47.13 1.95 2.96 0.04 0.00
0.80 0.40 530.45 502.04 229.75 131.94 0.13 1.74 0.00 0.00 29.37 23.08 1.69 2.66 0.69 0.00
0.78 0.24 650.08 175.37 204.36 22.50 1.69 6.62 0.00 0.00 66.18 21.40 1.15 3.97 0.01 0.00
0.74 0.22 548.51 32.54 209.29 137.71 1.94 2.12 0.00 0.00 41.17 15.90 1.04 4.00 0.01 0.00
0.80 0.40 378.61 26.44 197.27 199.70 1.61 1.14 0.00 0.00 80.63 18.18 0.30 0.31 0.62 5.51
0.81 0.13 295.52 55.61 257.62 175.50 0.87 4.35 0.00 0.00 78.73 98.73 1.41 3.23 0.03 0.00
0.72 0.21 612.24 162.94 213.59 103.96 0.58 7.96 0.00 0.00 88.61 79.39 1.01 2.12 0.37 0.00
0.61 0.16 461.07 67.38 295.12 130.66 0.97 0.84 0.00 0.00 68.76 2.64 1.85 2.55 0.05 0.00
0.64 0.11 284.61 54.23 191.86 89.78 1.52 0.22 0.00 0.00 14.27 50.39 1.67 3.20 0.01 0.00
0.76 0.14 131.45 115.83 106.34 53.92 0.38 0.22 0.00 0.00 78.31 83.95 0.73 2.15 0.22 0.00
0.63 0.12 162.39 67.58 105.32 145.02 0.70 0.31 0.00 0.00 46.57 74.08 0.33 2.75 0.09 0.00
0.98 0.09 530.51 107.39 237.41 35.50 1.93 3.21 0.00 0.00 53.28 60.93 0.36 3.88 0.00 0.00
0.69 0.16 618.97 53.00 136.28 92.75 1.70 4.29 0.00 0.00 14.12 77.69 0.30 3.39 0.00 0.00
0.82 0.06 437.82 27.75 155.92 179.58 1.72 3.22 0.00 0.00 52.70 60.25 0.80 3.93 0.00 0.00
0.51 0.06 298.84 80.34 106.68 152.75 0.70 0.41 0.00 0.00 15.97 4.83 1.03 3.56 0.02 0.00
0.69 0.32 568.93 51.99 133.46 172.93 1.00 2.86 0.00 0.00 95.20 95.24 1.86 0.29 1.39 11.03
0.73 0.21 393.87 111.48 229.55 153.15 0.57 4.82 0.00 0.00 89.81 17.83 0.26 3.38 0.04 0.00
0.69 0.11 482.88 75.94 111.70 71.19 1.43 1.81 0.00 0.00 44.98 11.06 0.94 3.77 0.00 0.00
0.57 0.32 215.80 98.14 247.25 128.29 0.58 4.48 0.00 0.00 51.73 11.30 0.84 3.15 0.09 0.00
0.99 0.41 282.16 38.55 262.62 173.94 1.21 5.75 0.00 0.00 47.59 60.23 1.91 0.68 0.49 0.00
0.62 0.44 504.53 160.82 157.92 199.79 0.40 0.87 0.00 0.00 97.63 48.73 0.53 0.49 4.48 0.00
0.54 0.31 498.35 110.43 148.21 94.14 0.81 0.98 0.00 0.00 65.08 87.44 0.90 0.40 2.49 15.86
0.53 0.24 612.87 38.31 271.08 151.40 1.48 6.27 0.00 0.00 32.46 6.26 0.40 4.40 0.00 0.00
0.92 0.49 595.33 41.47 138.47 130.53 1.57 0.24 0.00 0.00 72.45 55.41 0.54 0.17 2.42 17.06
0.76 0.24 240.50 103.14 148.17 145.41 0.54 0.54 0.00 0.00 30.85 16.15 1.42 1.41 0.49 0.00
0.56 0.34 164.23 46.55 211.68 119.54 1.21 0.65 0.00 0.00 84.63 54.80 1.19 1.17 0.44 0.00
0.52 0.20 195.40 158.56 222.51 19.95 0.70 3.66 0.00 0.00 25.78 48.22 1.02 2.96 0.00 0.00
0.91 0.23 527.56 278.29 292.38 84.41 0.39 0.60 0.00 0.00 25.10 85.67 1.90 1.16 1.21 0.00
0.85 0.33 546.61 88.51 171.40 94.93 0.99 4.32 0.00 0.00 73.57 23.34 1.10 0.19 1.48 10.22
0.54 0.16 682.11 243.90 218.36 51.26 0.64 0.15 0.00 0.00 18.49 87.67 0.73 0.95 1.07 0.00
0.57 0.35 569.41 533.60 258.45 20.30 0.23 0.28 0.00 0.00 38.13 99.05 1.38 1.66 1.34 0.00
0.59 0.10 267.19 74.31 217.74 49.73 1.79 4.98 0.00 0.00 42.45 2.93 0.36 4.33 0.00 0.00
0.87 0.29 204.08 173.66 249.25 15.10 0.68 8.31 0.00 0.00 13.02 29.09 0.38 3.97 0.00 0.00
0.95 0.38 639.71 353.63 284.56 132.47 0.28 0.85 0.00 0.00 51.83 82.00 0.99 1.35 2.21 0.00
0.94 0.48 300.41 64.00 285.72 132.41 0.94 0.85 0.00 0.00 35.44 78.82 1.23 0.35 1.69 8.35
0.52 0.35 574.01 155.13 107.41 67.86 0.77 0.17 0.00 0.00 63.80 87.72 1.40 0.39 5.19 inf
0.92 0.20 272.25 87.68 162.51 196.37 0.55 1.23 0.00 0.00 84.29 50.85 1.65 1.47 0.40 0.00
0.97 0.09 232.38 94.81 191.26 52.13 1.14 0.39 0.00 0.00 29.55 93.65 0.75 3.05 0.02 0.00
0.63 0.30 654.33 417.40 263.56 168.42 0.22 0.47 0.00 0.00 69.67 65.13 1.62 1.25 2.41 0.00
0.56 0.35 543.24 59.89 273.53 73.78 1.85 7.72 0.00 0.00 59.61 44.88 0.16 4.43 0.00 0.00
0.56 0.16 129.88 61.54 189.97 146.98 0.69 0.64 0.00 0.00 66.53 2.90 1.75 2.73 0.06 0.00
0.78 0.22 597.82 45.37 220.83 177.93 1.10 2.57 0.00 0.00 51.92 76.12 1.56 2.21 0.10 0.00
0.86 0.23 320.17 28.92 161.55 154.88 1.87 2.85 0.00 0.00 21.19 10.99 1.53 3.61 0.00 0.00
0.87 0.50 372.76 290.05 294.21 194.12 0.20 1.45 0.00 0.00 82.70 26.45 1.99 2.01 1.03 0.00
0.81 0.24 361.03 160.52 221.23 128.52 0.45 9.36 0.00 0.00 69.26 80.33 0.53 2.71 0.31 0.00
0.85 0.27 142.47 132.10 120.06 192.08 0.18 5.77 0.00 0.00 19.45 70.23 1.71 3.07 0.40 0.00
0.85 0.50 672.02 220.05 173.46 38.65 0.84 1.36 0.00 0.00 55.77 16.27 0.27 0.18 3.57 20.14
0.96 0.18 134.92 81.28 288.59 166.94 0.47 0.17 0.00 0.00 45.39 51.67 1.42 1.62 0.18 0.00
0.51 0.44 149.89 95.95 277.92 47.46 0.84 1.89 0.00 0.00 76.71 43.57 0.93 2.21 0.31 0.00
0.61 0.18 343.17 196.59 208.59 65.82 0.50 7.03 0.00 0.00 65.11 41.68 1.07 3.07 0.14 0.00
0.85 0.32 476.30 36.12 285.56 120.75 1.96 1.99 0.00 0.00 76.69 92.28 0.22 3.42 0.03 0.00
0.82 0.06 307.70 268.28 287.08 105.44 0.21 0.52 0.00 0.00 96.14 60.08 0.91 2.32 0.12 0.00
0.63 0.29 216.96 73.27 178.18 47.78 1.73 3.65 0.00 0.00 35.71 74.65 1.88 1.84 0.24 0.00
0.79 0.35 321.48 156.95 240.27 121.13 0.45 0.43 0.00 0.00 47.52 13.78 1.59 1.17 0.81 0.00
0.57 0.29 286.59 60.60 205.72 107.49 1.15 0.84 0.00 0.00 95.75 57.39 0.11 1.64 0.22 0.00
0.74 0.35 307.60 44.51 204.04 107.68 1.63 2.74 0.00 0.00 12.01 26.15 0.36 3.02 0.00 0.00
0.53 0.49 357.66 322.61 180.16 13.61 0.41 0.51 0.00 0.00 47.49 98.20 1.73 2.26 0.96 0.00
0.59 0.15 236.25 36.29 193.48 163.62 1.32 1.96 0.00 0.00 55.11 91.96 1.54 3.55 0.02 0.00
0.69 0.35 244.29 112.30 116.70 35.26 1.27 0.22 0.00 0.00 39.69 70.74 1.97 0.44 2.07 0.00
0.95 0.50 621.00 80.88 112.20 64.21 1.53 0.39 0.00 0.00 54.49 78.47 0.41 0.21 4.77 32.19
0.54 0.49 251.72 60.14 138.18 61.08 1.91 0.43 0.00 0.00 62.91 96.41 1.48 0.20 3.47 22.66
0.55 0.14 638.35 128.22 261.80 33.30 1.71 1.32 0.00 0.00 58.49 75.03 0.51 3.43 0.04 0.00
0.89 0.38 670.15 122.42 287.31 58.97 1.09 0.15 0.00 0.00 52.55 1.17 0.37 0.23 1.37 7.30
0.83 0.37 418.30 310.97 156.72 114.44 0.25 2.15 0.00 0.00 97.58 48.99 1.62 2.16 1.10 0.00
0.98 0.18 645.57 310.81 126.15 30.83 0.66 4.84 0.00 0.00 11.14 86.34 1.11 2.14 0.51 0.00
0.96 0.39 607.84 61.76 189.45 76.48 1.74 0.63 0.00 0.00 55.56 75.21 0.89 0.20 1.55 9.99
0.68 0.06 299.84 262.78 190.48 59.10 0.26 0.21 0.00 0.00 97.21 55.94 0.64 2.53 0.12 0.00
0.80 0.38 113.46 29.04 188.64 145.50 1.61 3.17 0.00 0.00 99.22 20.04 1.29 2.33 0.10 0.00
0.99 0.35 393.93 216.94 202.54 14.64 1.31 5.17 0.00 0.00 75.93 69.13 1.79 2.63 0.10 0.00
0.51 0.31 210.34 33.67 248.36 172.11 1.34 3.41 0.00 0.00 62.40 74.24 1.29 2.33 0.10 0.00
0.69 0.31 152.25 30.16 119.55 125.57 1.96 6.75 0.00 0.00 89.51 6.65 1.77 2.17 0.13 0.00
0.76 0.08 678.56 23.33 201.41 195.50 1.96 0.55 0.00 0.00 25.53 0.81 1.70 3.43 0.00 0.00
1.00 0.37 167.01 109.99 108.61 183.16 0.36 7.26 0.00 0.00 20.89 66.58 0.14 2.81 0.58 0.00
0.54 0.21 695.65 45.12 277.53 119.06 1.59 0.90 0.00 0.00 98.18 43.10 1.59 2.61 0.05 0.00
0.91 0.39 613.53 106.40 276.73 96.57 0.85 0.35 0.00 0.00 73.82 97.54 1.64 0.39 1.96 9.32
0.53 0.06 675.57 105.05 296.83 91.99 0.90 1.36 0.00 0.00 69.84 64.81 0.32 4.03 0.01 0.00
0.95 0.39 698.95 159.42 293.06 25.87 1.71 1.80 0.00 0.00 35.50 5.68 1.91 0.23 1.16 6.76
0.81 0.49 312.44 38.77 243.23 175.46 1.21 6.55 0.00 0.00 79.62 89.23 1.83 0.17 1.44 8.18
0.81 0.09 310.82 145.03 293.37 115.79 0.49 0.21 0.00 0.00 74.16 76.49 0.43 2.66 0.07 0.00
0.74 0.13 381.55 24.80 208.55 196.36 1.76 4.10 0.00 0.00 82.94 63.39 1.83 4.05 0.01 0.00
0.53 0.29 171.24 42.18 107.44 99.54 1.64 0.14 0.00 0.00 48.05 46.40 1.49 0.91 0.55 0.00
0.58 0.39 460.67 373.72 211.80 20.54 0.43 0.62 0.00 0.00 61.02 44.31 0.20 3.12 0.15 0.00
0.53 0.47 558.82 63.48 201.42 190.08 0.80 5.09 0.00 0.00 25.73 54.77 1.81 0.23 2.81 15.08
0.93 0.36 387.51 91.29 104.16 48.07 1.59 6.52 0.00 0.00 46.44 94.56 1.42 0.23 2.52 20.10
0.95 0.15 520.19 513.71 108.18 48.15 0.12 0.25 0.00 0.00 24.86 79.82 0.80 1.97 0.95 0.00
0.56 0.23 456.69 29.74 196.02 177.29 1.62 0.58 0.00 0.00 51.50 44.34 1.96 2.80 0.04 0.00
0.51 0.43 182.89 152.14 191.19 34.79 0.49 6.05 0.00 0.00 91.42 28.60 1.72 4.08 0.00 0.00
0.95 0.45 239.88 23.18 240.66 194.77 1.84 3.15 0.00 0.00 69.33 13.66 0.99 0.61 0.42 0.00
0.97 0.38 239.61 49.69 172.46 105.59 1.39 0.18 0.00 0.00 39.85 47.28 0.15 2.99 0.01 0.00
0.59 0.22 207.91 86.78 278.41 146.06 0.60 1.93 0.00 0.00 86.41 51.50 0.39 3.01 0.11 0.00
0.73 0.29 196.92 59.24 143.83 108.13 1.06 1.23 0.00 0.00 41.19 73.61 1.05 1.20 0.55 0.00
0.76 0.43 671.83 52.67 278.99 92.51 1.73 4.92 0.00 0.00 80.90 46.46 1.39 0.10 1.29 7.03
0.70 0.36 363.46 290.54 250.63 10.83 0.73 0.42 0.00 0.00 99.36 85.24 1.87 1.76 0.45 0.00
0.91 0.42 525.02 106.56 135.99 183.86 0.56 9.84 0.00 0.00 61.25 16.01 1.46 0.19 2.98 19.51
0.90 0.21 446.91 44.37 104.54 127.39 1.46 0.77 0.00 0.00 80.99 0.44 0.48 2.00 0.15 0.00
0.55 0.45 455.33 325.56 254.30 91.71 0.28 8.10 0.00 0.00 21.47 42.99 1.57 2.88 0.70 0.00
0.69 0.42 134.02 34.86 135.71 109.91 1.77 3.65 0.00 0.00 57.04 90.78 1.32 0.22 1.23 10.22
0.99 0.06 153.81 25.89 166.01 185.92 1.58 0.30 0.00 0.00 60.31 53.11 1.62 3.28 0.00 0.00
0.71 0.20 338.69 67.73 283.26 133.11 0.91 0.30 0.00 0.00 84.61 59.62 1.55 1.51 0.20 0.00
0.68 0.22 314.65 181.49 277.73 12.60 1.69 0.21 0.00 0.00 64.43 0.89 1.51 2.22 0.00 0.00
0.99 0.08 548.05 197.27 173.92 138.41 0.42 0.11 0.00 0.00 43.81 56.22 1.60 1.12 0.40 0.00
0.85 0.48 591.07 567.37 177.57 140.27 0.12 0.48 0.00 0.00 27.10 16.73 1.87 1.50 1.64 0.00
0.66 0.15 662.58 69.38 112.98 61.69 1.93 0.23 0.00 0.00 87.97 78.21 1.58 1.72 0.18 0.00
0.63 0.24 520.17 58.95 190.37 104.57 1.33 0.13 0.00 0.00 86.19 5.09 1.10 1.12 0.35 0.00
0.74 0.32 633.81 63.88 167.33 72.82 1.77 3.52 0.00 0.00 68.34 2.23 0.69 0.14 1.24 9.16
0.61 0.48 489.59 72.37 119.75 67.18 1.60 0.13 0.00 0.00 22.89 52.82 0.17 0.19 4.62 31.71
0.69 0.40 307.19 100.20 169.57 63.95 1.03 0.15 0.00 0.00 80.95 25.12 1.22 0.24 2.20 13.89
0.58 0.40 358.73 27.22 169.37 187.01 1.66 0.18 0.00 0.00 29.06 41.23 1.22 0.14 0.92 7.34
0.77 0.39 456.58 59.36 150.40 173.27 0.88 7.55 0.00 0.00 85.29 58.87 0.97 0.24 1.92 13.12
0.60 0.46 396.12 184.98 121.31 51.94 0.67 1.70 0.00 0.00 90.20 23.91 1.07 0.30 4.16 27.72
0.51 0.11 328.85 123.06 151.67 35.04 1.34 0.31 0.00 0.00 90.23 27.42 1.72 3.22 0.04 0.00
0.83 0.39 102.95 36.79 284.15 147.61 1.13 0.50 0.00 0.00 35.45 0.15 0.34 2.91 0.00 0.00
0.88 0.21 579.33 67.62 193.43 136.61 0.96 2.31 0.00 0.00 70.08 82.16 1.82 1.69 0.23 0.00
0.79 0.25 329.90 290.04 213.08 47.68 0.27 0.21 0.00 0.00 86.82 77.94 0.92 1.53 0.92 0.00
0.72 0.42 360.54 49.72 191.88 112.12 1.42 0.63 0.00 0.00 68.20 75.11 0.39 0.21 1.64 10.31
0.68 0.11 422.15 109.20 109.79 191.11 0.52 0.10 0.00 0.00 26.74 83.17 1.69 1.04 0.47 0.00
0.95 0.45 611.17 277.17 225.84 22.92 0.89 2.17 0.00 0.00 79.19 62.21 0.59 1.01 1.29 0.00
0.81 0.39 517.88 131.01 108.10 194.50 0.47 5.87 0.00 0.00 44.64 44.57 1.43 0.39 4.05 27.64
0.91 0.16 312.82 67.05 179.37 192.23 0.71 0.69 0.00 0.00 43.16 16.99 1.01 2.57 0.07 0.00
0.57 0.05 383.71 71.89 125.13 55.06 1.89 0.32 0.00 0.00 40.88 95.54 1.89 3.17 0.01 0.00
0.95 0.36 592.28 41.27 259.91 142.52 1.45 0.84 0.00 0.00 20.06 10.36 1.40 1.18 0.21 0.00
0.76 0.14 490.53 36.20 170.63 123.56 1.91 0.52 0.00 0.00 48.04 59.31 1.40 3.43 0.02 0.00
0.89 0.28 665.35 48.81 108.40 134.31 1.31 0.47 0.00 0.00 29.32 22.99 1.77 0.23 1.05 10.55
0.56 0.19 258.26 34.66 202.19 190.27 1.23 1.66 0.00 0.00 27.15 90.18 1.48 3.02 0.03 0.00
0.62 0.26 660.45 432.90 137.86 110.38 0.25 5.12 0.00 0.00 97.83 55.99 0.27 2.38 1.09 0.00
0.64 0.29 350.03 145.49 149.62 163.38 0.43 1.19 0.00 0.00 82.36 68.47 1.05 0.76 2.03 0.00
0.55 0.15 146.25 109.39 200.51 18.63 1.17 0.17 0.00 0.00 68.38 67.64 1.89 1.85 0.00 0.00
0.87 0.09 440.42 38.00 227.58 144.67 1.52 3.98 0.00 0.00 75.54 77.96 1.34 3.79 0.01 0.00
0.61 0.40 431.76 135.26 280.78 120.88 0.57 3.04 0.00 0.00 27.85 42.00 1.69 0.49 1.89 0.00
0.90 0.49 382.71 140.67 143.87 27.21 1.51 0.43 0.00 0.00 63.02 68.22 1.44 0.28 3.37 21.21
0.53 0.09 462.36 110.56 155.16 64.61 1.04 0.41 0.00 0.00 11.27 16.62 1.05 2.83 0.00 0.00
0.52 0.43 347.84 266.22 291.33 31.35 0.46 0.12 0.00 0.00 17.94 74.36 1.48 1.23 1.62 0.00
0.58 0.30 650.98 78.89 157.26 125.52 0.91 1.32 0.00 0.00 57.17 45.04 0.64 0.28 1.68 11.53
0.61 0.41 185.66 37.70 107.49 122.25 1.58 3.58 0.00 0.00 44.99 59.75 0.52 0.20 1.72 15.14
0.60 0.10 406.47 85.94 278.57 161.46 0.68 1.57 0.00 0.00 54.59 79.76 1.03 2.94 0.04 0.00
0.68 0.19 275.96 30.98 118.07 171.30 1.53 3.14 0.00 0.00 19.00 24.39 1.77 3.88 0.01 0.00
0.85 0.10 261.80 43.26 294.29 135.37 1.32 0.20 0.00 0.00 76.11 12.40 0.78 3.88 0.00 0.00
0.52 0.36 151.13 75.94 284.06 35.22 1.70 6.05 0.00 0.00 72.67 7.52 0.30 4.75 0.00 0.00
0.86 0.47 142.19 28.35 158.21 165.54 1.56 0.67 0.00 0.00 73.79 80.10 1.96 0.20 1.27 9.60
0.98 0.17 413.62 101.87 226.06 152.05 0.62 0.44 0.00 0.00 25.37 71.92 0.91 1.41 0.33 0.00
0.85 0.38 226.91 174.00 169.91 10.72 1.18 2.87 0.00 0.00 36.25 64.78 0.85 2.88 0.00 0.00
0.85 0.21 466.19 94.92 254.88 116.38 0.79 0.30 0.00 0.00 52.04 23.66 0.19 2.57 0.00 0.00
0.90 0.26 253.32 45.03 158.77 86.55 1.95 3.16 0.00 0.00 24.78 62.27 1.75 2.43 0.09 0.00
0.64 0.07 625.92 150.18 205.53 50.73 0.99 0.58 0.00 0.00 47.03 48.77 0.57 3.42 0.03 0.00
0.59 0.47 684.51 454.50 124.18 113.88 0.24 0.80 0.00 0.00 14.65 85.38 1.27 0.97 5.40 0.00
0.78 0.35 593.44 42.33 148.45 133.81 1.50 0.76 0.00 0.00 46.52 58.17 1.68 0.20 1.20 9.47
0.55 0.46 219.42 28.51 157.63 178.88 1.56 2.89 0.00 0.00 52.26 62.22 0.87 0.14 1.36 10.08
0.66 0.15 519.27 60.04 129.17 83.01 1.62 2.44 0.00 0.00 90.44 59.12 0.48 3.07 0.06 0.00
0.56 0.12 503.14 38.09 163.73 190.36 1.20 0.19 0.00 0.00 92.38 70.16 1.77 2.89 0.03 0.00
0.60 0.27 196.48 84.53 155.20 113.14 0.70 0.89 0.00 0.00 76.77 59.42 0.78 1.33 0.64 0.00
0.95 0.44 259.38 32.89 188.08 194.80 1.27 0.12 0.00 0.00 29.21 95.85 1.54 0.20 1.29 8.80
0.65 0.48 122.40 97.91 273.22 197.00 0.29 5.49 0.00 0.00 36.25 85.58 0.96 2.71 0.55 0.00
0.71 0.36 102.72 53.57 298.06 188.95 0.61 0.68 0.00 0.00 78.23 68.70 1.60 1.30 0.45 0.00
0.79 0.34 304.17 243.20 264.59 114.33 0.25 0.97 0.00 0.00 92.03 5.67 1.29 1.89 0.72 0.00
0.68 0.28 261.95 29.58 151.48 169.20 1.62 0.48 0.00 0.00 88.40 17.05 1.88 2.12 0.10 0.00
0.80 0.29 516.66 73.02 147.47 70.70 1.52 3.30 0.00 0.00 87.46 83.14 1.82 0.27 1.25 9.72
0.61 0.15 439.28 34.73 212.12 125.17 1.96 0.16 0.00 0.00 33.94 68.50 0.38 3.47 0.00 0.00
0.80 0.40 357.66 61.80 118.90 64.90 1.90 2.02 0.00 0.00 89.45 62.03 1.97 0.18 2.37 18.06
0.53 0.39 488.75 375.74 126.57 106.01 0.23 4.86 0.00 0.00 39.33 5.86 0.64 2.65 1.06 0.00
0.88 0.09 609.19 87.36 134.36 54.25 1.65 0.64 0.00 0.00 73.22 64.63 1.31 2.85 0.04 0.00
0.72 0.21 294.68 45.81 199.16 88.59 1.92 1.42 0.00 0.00 58.64 24.34 1.41 3.45 0.02 0.00
0.59 0.24 288.30 110.25 231.74 74.81 0.81 0.20 0.00 0.00 38.89 14.00 1.99 1.37 0.33 0.00
0.78 0.36 246.10 30.63 193.15 170.91 1.53 0.88 0.00 0.00 98.56 63.75 0.54 1.34 0.28 0.00
0.97 0.18 213.73 43.50 289.66 114.92 1.46 0.28 0.00 0.00 11.50 50.39 0.31 1.91 0.00 0.00
0.71 0.19 652.55 121.44 290.30 150.12 0.59 9.81 0.00 0.00 84.84 50.06 1.23 2.77 0.12 0.00
0.73 0.30 266.22 177.47 268.09 98.67 0.38 0.31 0.00 0.00 76.11 8.13 0.64 1.62 0.67 0.00
0.82 0.16 272.65 259.21 217.90 32.77 0.23 0.15 0.00 0.00 57.86 99.73 1.41 1.39 0.55 0.00
0.95 0.15 312.64 32.30 105.52 196.53 1.31 0.45 0.00 0.00 30.15 86.11 0.38 3.11 0.04 0.00
0.64 0.08 402.86 85.96 107.39 178.18 0.64 0.17 0.00 0.00 24.91 9.98 0.91 2.47 0.07 0.00
0.95 0.41 152.03 29.67 128.62 172.93 1.44 2.06 0.00 0.00 81.11 99.00 0.41 0.28 1.03 9.29
0.71 0.46 130.23 128.40 240.30 56.62 0.16 0.51 0.00 0.00 71.18 6.56 1.41 2.62 0.28 0.00
0.88 0.24 500.52 38.74 132.21 129.56 1.68 2.44 0.00 0.00 53.71 2.65 0.82 2.33 0.10 0.00
0.70 0.39 336.13 57.37 234.12 86.94 1.52 0.65 0.00 0.00 60.09 40.08 1.54 0.18 1.27 7.70
0.81 0.05 160.69 53.89 193.29 76.84 1.47 0.37 0.00 0.00 88.59 8.22 1.84 3.43 0.01 0.00
0.74 0.13 441.40 37.85 213.49 150.53 1.47 0.18 0.00 0.00 77.91 88.37 1.79 2.73 0.02 0.00
0.68 0.42 106.68 65.29 155.49 29.38 1.86 3.27 0.00 0.00 60.30 22.99 0.41 4.55 0.00 0.00
0.75 0.32 394.25 54.23 243.29 99.80 1.46 5.71 0.00 0.00 66.35 29.84 1.25 1.42 0.22 0.00
0.52 0.41 558.70 83.11 142.22 98.67 1.02 0.25 0.00 0.00 52.69 10.72 1.99 0.15 3.34 21.50
0.91 0.48 521.71 153.42 166.51 39.71 1.11 1.26 0.00 0.00 73.58 43.17 0.74 0.27 3.29 19.14
0.52 0.39 110.79 100.89 102.80 24.95 0.52 2.21 0.00 0.00 75.17 6.07 0.76 3.03 0.00 0.00
0.70 0.21 525.32 516.75 230.99 13.23 0.17 4.66 0.00 0.00 33.88 47.59 1.95 3.74 0.00 0.00
0.93 0.26 590.30 91.78 139.68 189.10 0.62 0.24 0.00 0.00 62.61 72.11 0.46 0.48 1.58 0.00
0.72 0.39 121.22 36.42 101.91 178.29 1.05 0.72 0.00 0.00 63.86 15.36 1.19 0.24 1.29 12.54
0.88 0.19 638.67 160.73 159.74 25.60 1.66 0.55 0.00 0.00 14.44 58.23 1.00 1.30 0.43 0.00
0.84 0.37 420.20 223.65 150.08 26.45 0.84 1.07 0.00 0.00 47.98 41.90 1.88 1.21 1.11 0.00
0.71 0.34 146.26 38.63 140.69 114.64 1.52 0.64 0.00 0.00 97.30 64.31 1.41 0.94 0.55 0.00
0.60 0.29 660.95 68.71 168.31 180.92 0.79 0.35 0.00 0.00 90.07 68.67 1.00 0.31 1.45 9.91
0.80 0.05 140.78 137.60 213.86 36.32 0.21 7.21 0.00 0.00 11.48 83.93 0.12 4.31 0.00 0.00
0.60 0.16 417.23 126.04 155.40 53.33 1.02 3.84 0.00 0.00 17.53 43.40 0.72 2.74 0.13 0.00
0.65 0.14 588.50 24.14 129.65 191.98 1.91 1.22 0.00 0.00 88.81 8.42 1.71 3.96 0.01 0.00
0.97 0.38 459.81 207.21 233.54 15.72 1.54 6.59 0.00 0.00 95.97 25.52 0.73 4.50 0.00 0.00
0.87 0.34 165.19 57.68 191.84 72.96 1.42 0.12 0.00 0.00 66.75 44.46 1.34 1.02 0.50 0.00
0.54 0.36 477.92 139.56 258.43 23.92 1.96 0.16 0.00 0.00 72.79 94.47 1.22 0.23 1.93 9.95
0.73 0.41 594.00 93.81 210.80 111.58 0.85 1.94 0.00 0.00 45.26 78.63 1.15 0.36 2.41 12.68
0.74 0.40 547.44 61.85 164.20 77.09 1.70 1.48 0.00 0.00 15.57 27.36 1.65 0.14 1.94 13.03
0.77 0.22 524.76 203.73 271.29 71.49 0.57 0.16 0.00 0.00 58.21 17.03 1.56 1.16 0.55 0.00
0.58 0.26 477.66 111.27 178.97 75.32 0.93 5.29 0.00 0.00 72.49 59.77 0.19 0.32 1.14 8.14
0.61 0.15 262.89 229.36 272.22 19.78 0.46 0.77 0.00 0.00 61.32 95.36 1.15 2.43 0.13 0.00
0.53 0.39 530.48 33.65 211.57 131.37 1.96 3.35 0.00 0.00 14.17 69.64 1.80 0.11 0.95 6.58
0.55 0.31 428.32 119.01 144.88 149.15 0.56 3.12 0.00 0.00 69.74 65.20 1.33 0.48 2.44 0.00
0.74 0.35 394.89 178.65 253.59 64.77 0.61 5.73 0.00 0.00 31.75 43.01 1.65 2.11 0.42 0.00
0.71 0.30 196.52 29.85 196.86 185.29 1.41 0.67 0.00 0.00 11.93 76.51 1.30 1.77 0.14 0.00
0.68 0.41 207.93 126.61 144.22 145.72 0.40 1.72 0.00 0.00 83.26 81.80 0.41 1.60 1.49 0.00
0.64 0.12 573.28 41.46 127.50 181.00 1.17 0.36 0.00 0.00 41.35 57.86 1.57 2.97 0.03 0.00
0.80 0.29 539.45 409.48 209.16 90.63 0.24 0.17 0.00 0.00 51.59 25.53 0.84 1.60 1.04 0.00
0.83 0.42 517.63 35.58 276.74 128.18 1.88 1.13 0.00 0.00 86.29 58.25 1.65 0.37 0.78 5.44
0.93 0.30 402.57 69.17 237.13 65.10 1.68 0.57 0.00 0.00 47.12 48.15 0.37 1.84 0.14 0.00
0.72 0.16 695.88 157.14 199.51 104.11 0.61 4.71 0.00 0.00 99.10 81.50 1.94 2.02 0.32 0.00
0.52 0.32 481.19 183.86 246.90 143.37 0.42 1.75 0.00 0.00 18.87 47.07 0.61 0.75 1.93 0.00
0.59 0.14 647.81 89.47 213.69 82.22 1.12 0.16 0.00 0.00 67.38 60.41 0.79 2.06 0.12 0.00
0.61 0.44 520.44 45.95 181.23 191.22 1.02 0.32 0.00 0.00 61.99 91.56 1.03 0.21 2.06 12.64
0.88 0.39 480.49 115.97 144.84 98.33 0.75 6.89 0.00 0.00 55.39 21.67 1.48 0.20 2.45 16.32
0.62 0.37 216.15 44.59 201.59 194.64 0.93 7.68 0.00 0.00 36.81 95.28 0.91 0.31 0.93 6.58
0.65 0.42 268.99 40.40 125.11 163.36 1.21 6.22 0.00 0.00 88.03 51.99 0.95 0.18 1.83 14.44
0.86 0.44 372.26 32.43 117.31 135.93 1.91 8.59 0.00 0.00 49.27 90.81 0.38 0.15 1.65 14.09
0.82 0.06 505.90 233.27 174.59 22.54 1.01 1.84 0.00 0.00 22.56 74.47 0.34 2.74 0.00 0.00
0.79 0.11 351.95 32.95 279.95 183.61 1.38 5.21 0.00 0.00 34.95 4.45 0.39 4.10 0.00 0.00
0.74 0.20 310.27 281.05 231.20 17.60 0.38 9.86 0.00 0.00 85.86 91.13 0.22 4.67 0.00 0.00
0.72 0.45 555.98 237.19 206.53 13.70 1.61 0.24 0.00 0.00 76.12 21.93 1.76 0.18 2.27 13.49
0.69 0.12 441.51 32.07 123.52 142.35 1.87 0.58 0.00 0.00 56.90 27.44 1.87 3.76 0.01 0.00
0.62 0.15 483.20 41.71 298.76 125.06 1.60 3.03 0.00 0.00 51.74 95.43 1.32 3.84 0.01 0.00
0.57 0.09 549.35 95.45 238.21 48.47 1.63 0.41 0.00 0.00 58.09 42.56 0.43 3.45 0.00 0.00
0.53 0.45 692.33 46.31 210.20 191.72 1.03 0.35 0.00 0.00 39.37 42.60 0.25 0.16 1.95 11.22
0.99 0.06 278.69 52.37 226.27 116.94 1.24 0.22 0.00 0.00 58.55 80.54 1.43 2.90 0.01 0.00
0.63 0.50 432.51 417.78 284.24 100.86 0.13 0.35 0.00 0.00 38.83 15.53 0.80 2.42 0.65 0.00
0.51 0.47 113.36 87.27 178.71 22.52 1.12 7.66 0.00 0.00 26.14 23.06 1.17 4.31 0.00 0.00
0.69 0.23 519.36 130.87 194.27 58.09 0.98 1.61 0.00 0.00 32.83 76.21 1.22 1.18 0.67 0.00
0.77 0.47 205.99 176.81 152.00 42.09 0.38 7.39 0.00 0.00 97.64 6.93 1.89 3.63 0.13 0.00
0.71 0.48 654.62 29.67 168.46 174.10 1.69 0.39 0.00 0.00 27.66 88.89 0.63 0.14 1.60 11.11
0.95 0.06 365.04 37.56 270.33 154.51 1.42 0.40 0.00 0.00 65.04 43.74 0.55 3.58 0.00 0.00
0.71 0.26 272.31 196.96 131.09 44.23 0.49 0.31 0.00 0.00 69.70 1.23 1.01 1.92 0.53 0.00
0.93 0.16 369.05 248.44 272.62 51.09 0.44 0.80 0.00 0.00 93.77 0.09 0.49 3.08 0.09 0.00
0.70 0.20 539.17 44.29 190.25 189.89 1.06 0.35 0.00 0.00 11.06 24.96 1.62 2.18 0.07 0.00
0.93 0.21 162.90 130.18 189.67 57.32 0.45 0.64 0.00 0.00 31.41 94.21 0.72 1.99 0.32 0.00
0.69 0.18 221.02 68.88 218.71 68.89 1.34 1.55 0.00 0.00 39.41 82.50 1.45 2.68 0.07 0.00
0.74 0.19 248.09 24.57 211.28 171.69 1.98 2.37 0.00 0.00 87.24 59.51 0.14 4.18 0.00 0.00
0.66 0.17 543.84 490.78 216.16 102.62 0.16 0.32 0.00 0.00 68.14 63.32 1.61 1.46 1.33 0.00
0.63 0.20 649.37 107.69 111.75 146.89 0.65 0.31 0.00 0.00 90.23 49.30 1.77 0.45 1.49 0.00
0.58 0.27 162.77 102.20 292.83 24.89 1.35 0.25 0.00 0.00 69.37 51.83 1.76 2.29 0.01 0.00
0.92 0.27 191.51 42.97 144.77 126.61 1.32 0.28 0.00 0.00 46.23 98.08 0.47 1.48 0.28 0.00
0.85 0.38 531.33 87.33 174.57 50.57 1.73 0.83 0.00 0.00 25.16 58.64 0.57 0.22 1.96 12.60
0.88 0.47 412.54 193.24 113.73 56.52 0.62 0.43 0.00 0.00 24.08 78.56 0.97 0.61 4.04 0.00
0.50 0.36 566.55 268.71 272.88 122.69 0.35 0.13 0.00 0.00 40.68 60.27 0.31 0.83 2.88 0.00
0.69 0.09 568.11 516.49 240.56 44.63 0.20 0.56 0.00 0.00 81.83 1.64 0.45 3.09 0.14 0.00
0.90 0.06 510.50 252.12 222.69 105.43 0.38 1.91 0.00 0.00 81.64 41.97 0.33 3.46 0.05 0.00
0.92 0.48 193.57 44.28 268.77 97.02 1.64 0.11 0.00 0.00 33.40 58.22 1.18 0.20 1.26 7.19
0.84 0.08 515.28 126.93 159.60 58.72 1.00 1.29 0.00 0.00 79.59 29.06 0.70 3.29 0.03 0.00
0.59 0.14 518.34 155.66 231.05 39.24 1.10 0.24 0.00 0.00 39.30 54.77 1.77 1.47 0.26 0.00
0.55 0.10 608.54 323.32 205.36 10.62 1.27 0.13 0.00 0.00 49.13 49.09 0.27 2.51 0.00 0.00
0.63 0.16 570.92 148.28 179.58 145.71 0.51 0.20 0.00 0.00 40.97 95.52 1.16 0.71 1.08 0.00
0.90 0.25 301.05 47.47 176.38 108.98 1.49 5.19 0.00 0.00 74.08 21.39 1.74 2.85 0.06 0.00
0.63 0.36 208.17 25.88 297.50 178.08 1.74 2.84 0.00 0.00 33.35 93.34 1.43 2.44 0.07 0.00
0.61 0.12 686.61 221.13 122.52 161.01 0.38 0.15 0.00 0.00 93.30 0.60 1.38 1.00 0.96 0.00
0.75 0.32 483.44 345.18 249.31 27.13 0.48 0.50 0.00 0.00 86.80 27.22 0.42 2.62 0.26 0.00
0.78 0.27 174.19 70.55 126.18 59.66 1.31 6.01 0.00 0.00 21.95 21.57 0.67 3.68 0.00 0.00
0.86 0.30 209.57 37.35 253.50 153.04 1.33 0.43 0.00 0.00 82.64 72.10 0.59 2.10 0.12 0.00
0.86 0.20 116.62 40.99 103.40 103.13 1.41 3.72 0.00 0.00 78.65 25.09 1.38 3.49 0.03 0.00
0.94 0.23 194.19 90.31 256.47 55.62 1.04 0.35 0.00 0.00 67.39 40.90 0.20 2.68 0.00 0.00
0.99 0.35 659.87 494.15 218.34 11.05 0.60 0.67 0.00 0.00 64.48 83.54 1.70 1.71 0.70 0.00
0.66 0.15 381.71 28.73 146.61 191.17 1.54 4.58 0.00 0.00 57.29 83.74 1.82 3.95 0.02 0.00
0.93 0.06 692.01 33.76 281.87 183.67 1.41 0.29 0.00 0.00 51.24 49.65 1.38 3.30 0.00 0.00
0.84 0.13 530.99 29.91 244.62 189.86 1.52 0.12 0.00 0.00 32.52 28.96 1.62 3.13 0.01 0.00
0.71 0.13 445.09 107.92 235.75 99.29 0.78 0.99 0.00 0.00 94.49 75.70 1.92 1.77 0.17 0.00
0.91 0.16 442.83 122.03 200.29 58.71 1.00 5.89 0.00 0.00 96.92 46.62 1.81 2.85 0.08 0.00
0.73 0.12 240.75 67.06 273.14 70.64 1.40 4.66 0.00 0.00 16.27 58.88 1.50 3.36 0.00 0.00
0.67 0.27 433.58 44.44 140.24 158.39 1.20 2.31 0.00 0.00 80.65 53.87 0.31 1.43 0.29 0.00
0.95 0.24 627.61 184.93 209.98 120.06 0.49 0.29 0.00 0.00 59.61 7.09 1.03 0.82 1.22 0.00
0.68 0.42 430.06 29.35 278.42 154.04 1.90 0.41 0.00 0.00 11.24 14.43 0.47 2.70 0.00 0.00
0.64 0.47 415.09 56.09 217.99 144.82 1.04 0.42 0.00 0.00 42.03 69.94 0.67 0.23 2.31 12.38
0.97 0.36 608.81 244.45 290.72 32.09 0.82 0.55 0.00 0.00 71.89 15.62 1.14 1.44 0.44 0.00
0.90 0.29 627.49 43.06 153.38 153.04 1.31 0.23 0.00 0.00 94.60 87.90 0.38 0.39 0.72 6.64
0.78 0.16 148.34 26.86 139.78 198.91 1.41 5.69 0.00 0.00 59.88 13.66 1.10 4.14 0.00 0.00
0.61 0.25 570.75 91.82 200.44 59.06 1.42 0.68 0.00 0.00 20.91 83.98 1.51 0.39 0.99 7.11
0.89 0.17 321.17 37.32 143.77 183.95 1.21 2.98 0.00 0.00 91.64 6.67 0.39 3.59 0.03 0.00
0.93 0.13 458.01 67.51 260.86 62.41 1.86 0.49 0.00 0.00 94.54 98.85 0.84 3.18 0.03 0.00
0.50 0.43 399.38 249.16 124.38 124.40 0.31 1.97 0.00 0.00 63.08 94.86 1.40 0.99 3.76 0.00
0.89 0.26 596.71 72.64 152.89 92.03 1.23 0.36 0.00 0.00 33.33 84.41 1.66 0.35 1.10 8.78
0.77 0.50 134.33 62.36 289.79 155.00 0.67 0.10 0.00 0.00 16.75 16.90 1.05 0.88 0.91 0.00
0.82 0.37 412.23 58.40 254.32 74.10 1.82 0.26 0.00 0.00 96.91 23.42 1.69 0.16 0.97 6.22
0.89 0.20 536.12 328.26 223.69 97.32 0.31 1.93 0.00 0.00 37.60 17.93 0.61 2.54 0.28 0.00
0.64 0.48 288.98 39.41 118.98 119.92 1.67 1.79 0.00 0.00 99.47 6.49 1.97 0.15 2.55 19.67
0.50 0.06 502.84 37.63 151.23 139.51 1.61 0.12 0.00 0.00 56.00 59.08 0.71 3.89 0.00 0.00
0.61 0.11 162.18 39.26 186.72 113.08 1.56 0.21 0.00 0.00 20.38 76.28 1.31 3.19 0.01 0.00
0.62 0.21 655.25 35.36 134.93 139.24 1.76 1.68 0.00 0.00 22.70 5.26 1.11 3.17 0.04 0.00
0.84 0.22 293.97 34.93 288.72 177.00 1.32 0.57 0.00 0.00 10.34 79.96 0.67 3.33 0.02 0.00
0.64 0.14 356.21 101.24 107.40 61.03 1.11 7.85 0.00 0.00 59.73 19.70 1.78 3.12 0.05 0.00
1.00 0.31 274.66 94.52 118.19 33.48 1.91 5.54 0.00 0.00 79.58 0.94 0.34 4.19 0.00 0.00
0.64 0.09 300.15 79.21 118.26 119.69 0.83 0.17 0.00 0.00 96.71 43.19 1.33 2.55 0.07 0.00
0.85 0.46 635.02 212.95 181.30 17.80 1.60 0.16 0.00 0.00 59.59 43.74 0.85 0.23 3.00 17.10
0.86 0.46 549.17 25.03 142.19 191.50 1.83 3.51 0.00 0.00 39.80 40.79 0.52 0.12 1.24 10.17
0.50 0.22 116.31 52.04 137.63 51.27 1.91 9.71 0.00 0.00 13.94 72.51 1.03 3.76 0.00 0.00
0.81 0.50 447.85 144.91 109.34 41.23 1.09 0.27 0.00 0.00 92.17 11.17 1.20 0.12 5.11 34.83
0.66 0.44 317.83 98.43 216.11 178.11 0.55 0.19 0.00 0.00 27.15 81.88 1.36 0.49 2.94 0.00
0.99 0.43 294.18 155.77 134.54 103.04 0.47 3.75 0.00 0.00 72.49 9.02 0.36 1.38 1.24 0.00
0.69 0.43 122.78 121.19 131.69 27.05 0.20 0.13 0.00 0.00 57.81 27.43 0.91 2.21 0.00 0.00
0.59 0.40 265.64 152.43 153.04 66.57 0.57 2.71 0.00 0.00 32.27 11.81 1.02 1.59 0.65 0.00
0.87 0.08 270.72 144.84 197.78 22.50 1.32 4.71 0.00 0.00 71.63 92.55 1.02 3.77 0.00 0.00
0.61 0.35 152.02 28.35 295.41 176.39 1.49 0.49 0.00 0.00 41.55 89.80 1.42 1.70 0.15 0.00
0.93 0.10 487.01 79.65 195.60 102.51 1.01 0.33 0.00 0.00 57.42 97.48 0.73 2.54 0.06 0.00
0.92 0.32 110.03 56.03 291.71 84.44 1.02 0.51 0.00 0.00 95.01 60.02 1.14 2.12 0.13 0.00
0.61 0.24 486.16 305.70 157.67 10.85 1.08 1.03 0.00 0.00 47.74 84.90 1.06 1.77 0.54 0.00
0.74 0.45 538.53 401.45 147.21 160.87 0.20 0.99 0.00 0.00 44.32 5.38 1.73 1.82 1.89 0.00
0.52 0.38 681.89 230.27 137.25 54.53 0.65 3.03 0.00 0.00 43.79 25.70 1.95 0.30 4.41 26.59
0.93 0.40 423.19 79.70 136.60 103.53 0.98 0.46 0.00 0.00 25.34 10.48 1.71 0.17 2.31 16.58
0.94 0.29 289.52 183.44 272.19 62.88 0.49 0.45 0.00 0.00 37.70 61.17 1.99 1.28 0.77 0.00
0.75 0.33 231.15 208.55 164.00 15.99 0.47 2.04 0.00 0.00 36.35 90.34 1.83 2.66 0.25 0.00
0.94 0.16 602.89 83.05 233.54 85.74 1.15 0.16 0.00 0.00 33.80 88.30 0.66 1.97 0.12 0.00
0.73 0.16 257.87 67.06 239.95 194.20 0.68 0.14 0.00 0.00 46.08 89.81 1.79 1.33 0.19 0.00
0.88 0.15 148.98 59.88 102.70 122.12 0.86 0.39 0.00 0.00 61.83 94.26 1.35 1.70 0.20 0.00
0.55 0.19 618.92 609.14 204.85 22.57 0.14 6.01 0.00 0.00 60.08 45.79 1.72 3.83 0.10 0.00
0.54 0.26 310.55 30.90 232.22 148.56 1.80 6.52 0.00 0.00 25.81 81.91 1.37 3.82 0.03 0.00
0.86 0.37 167.24 46.81 146.64 98.74 1.43 0.23 0.00 0.00 45.66 62.74 0.41 0.34 1.08 9.02
0.73 0.36 257.45 50.41 279.01 76.65 1.92 9.37 0.00 0.00 56.23 41.46 0.44 4.55 0.00 0.00
0.59 0.30 202.94 192.39 281.77 177.27 0.15 9.67 0.00 0.00 92.16 83.53 1.70 3.50 0.31 0.00
0.80 0.10 557.91 76.65 215.07 156.12 0.79 1.55 0.00 0.00 37.18 58.53 0.47 3.47 0.03 0.00
0.69 0.05 642.03 44.66 292.57 190.90 1.06 0.24 0.00 0.00 21.67 56.31 1.59 2.63 0.00 0.00
0.96 0.23 364.06 264.11 215.81 32.72 0.49 0.31 0.00 0.00 18.09 87.36 1.20 1.40 0.77 0.00
0.69 0.22 452.76 169.53 202.37 165.37 0.41 0.29 0.00 0.00 99.60 10.08 1.43 1.08 0.67 0.00
0.88 0.17 680.02 89.85 291.88 142.23 0.76 7.93 0.00 0.00 99.95 95.05 1.17 2.88 0.08 0.00
0.54 0.19 285.29 281.97 109.46 175.85 0.11 1.34 0.00 0.00 59.19 6.26 1.79 2.00 0.81 0.00
0.66 0.40 568.66 184.60 170.31 148.80 0.43 8.36 0.00 0.00 54.74 43.75 1.75 0.47 3.25 0.00
0.88 0.19 544.74 128.37 268.67 97.64 0.71 5.52 0.00 0.00 70.23 81.29 1.33 2.42 0.17 0.00
0.83 0.16 505.99 41.89 223.66 195.87 1.08 1.27 0.00 0.00 93.33 2.38 1.20 3.12 0.03 0.00
0.96 0.24 525.47 62.26 189.52 173.07 0.86 0.20 0.00 0.00 13.34 61.09 1.54 0.75 0.59 0.00
0.88 0.10 268.60 212.80 148.76 122.68 0.26 0.27 0.00 0.00 70.75 20.16 1.05 2.13 0.20 0.00
0.75 0.26 116.88 114.12 207.28 40.15 0.22 0.41 0.00 0.00 79.81 19.91 0.62 3.34 0.00 0.00
0.63 0.13 309.40 26.33 214.82 182.92 1.74 1.77 0.00 0.00 81.32 48.32 0.31 4.40 0.00 0.00
0.82 0.37 355.40 55.73 121.86 124.98 1.15 0.12 0.00 0.00 86.81 64.65 0.33 0.27 1.95 15.13
0.94 0.13 517.99 98.26 141.15 44.83 1.68 1.25 0.00 0.00 15.62 17.72 0.34 3.03 0.00 0.00
0.56 0.16 432.75 194.97 287.86 24.89 1.09 1.75 0.00 0.00 31.84 77.34 1.14 2.60 0.12 0.00
0.75 0.40 567.00 44.05 130.98 97.09 2.00 1.95 0.00 0.00 22.28 58.93 1.65 0.16 1.78 13.90
0.75 0.18 560.19 41.84 143.44 107.26 1.90 0.15 0.00 0.00 38.14 45.41 1.96 2.59 0.05 0.00
1.00 0.43 481.06 75.03 123.94 90.01 1.18 9.59 0.00 0.00 70.30 98.42 0.27 0.25 2.80 19.59
0.55 0.35 316.48 217.28 255.40 103.11 0.33 0.78 0.00 0.00 98.52 52.06 0.97 1.52 1.23 0.00
0.69 0.36 518.38 63.64 289.93 80.17 1.57 0.36 0.00 0.00 91.29 45.89 1.20 0.24 1.04 6.03
0.82 0.11 518.55 449.98 213.49 21.00 0.33 0.75 0.00 0.00 35.16 67.48 1.31 2.01 0.30 0.00
0.74 0.24 557.55 56.76 161.66 119.32 1.24 5.48 0.00 0.00 46.15 93.97 0.91 1.86 0.21 0.00
0.95 0.41 325.37 57.68 144.97 139.27 1.01 0.21 0.00 0.00 93.44 24.99 1.38 0.21 1.90 13.49
0.71 0.28 535.44 187.11 199.71 43.21 0.85 0.44 0.00 0.00 32.98 43.72 0.13 2.41 0.00 0.00
0.87 0.11 679.00 33.23 219.14 159.43 1.64 0.16 0.00 0.00 71.68 68.81 1.36 3.10 0.01 0.00
0.83 0.29 593.74 52.10 151.45 94.68 1.69 1.59 0.00 0.00 46.31 19.26 1.47 0.18 0.83 7.42
0.65 0.23 620.26 63.97 272.37 140.61 0.99 4.26 0.00 0.00 73.72 91.46 1.77 2.08 0.15 0.00
0.91 0.38 292.54 209.34 159.89 155.51 0.27 1.47 0.00 0.00 61.11 49.42 1.63 1.93 1.16 0.00
0.90 0.42 134.42 47.85 293.15 77.32 1.59 0.19 0.00 0.00 64.61 19.84 1.81 1.66 0.17 0.00
0.78 0.13 632.80 186.78 224.69 23.49 1.47 6.47 0.00 0.00 69.63 87.37 0.65 3.74 0.02 0.00
0.55 0.27 603.27 47.32 217.35 107.81 1.65 0.82 0.00 0.00 60.61 1.83 0.71 1.86 0.15 0.00
0.86 0.23 466.60 357.47 269.80 193.14 0.19 0.21 0.00 0.00 81.99 20.39 1.74 1.31 0.94 0.00
0.94 0.16 118.39 111.57 277.80 180.15 0.18 0.31 0.00 0.00 60.11 49.27 1.32 1.80 0.21 0.00
0.53 0.16 417.78 88.65 248.45 46.46 1.75 1.28 0.00 0.00 96.04 71.38 1.21 2.75 0.06 0.00
0.50 0.14 557.12 557.12 166.49 72.78 0.10 0.32 0.00 0.00 31.75 76.27 1.82 1.48 1.38 0.00
0.77 0.25 637.71 114.66 202.75 59.71 1.14 5.16 0.00 0.00 83.01 75.49 0.55 0.57 0.76 0.00
0.58 0.21 579.83 178.18 212.63 31.42 1.17 0.46 0.00 0.00 90.70 74.69 0.27 1.45 0.47 0.00
1.00 0.49 242.17 152.84 277.58 98.18 0.43 0.30 0.00 0.00 38.48 44.99 1.62 1.17 1.37 0.00
0.71 0.18 230.86 58.31 254.27 107.05 1.14 8.18 0.00 0.00 26.52 4.47 1.24 3.98 0.00 0.00
0.87 0.21 472.56 294.84 278.45 160.27 0.26 4.00 0.00 0.00 54.87 29.46 1.94 2.58 0.32 0.00
0.64 0.27 246.32 30.03 112.58 152.23 1.76 0.96 0.00 0.00 84.82 46.47 1.98 1.85 0.16 0.00
0.69 0.41 493.81 108.35 205.88 101.90 0.78 1.34 0.00 0.00 91.30 0.65 0.61 0.29 2.44 13.16
0.73 0.44 401.47 219.28 175.38 184.04 0.30 0.13 0.00 0.00 14.30 64.78 0.89 0.78 3.97 0.00
0.79 0.11 299.15 185.22 237.36 76.38 0.45 1.99 0.00 0.00 92.38 51.94 0.99 2.63 0.12 0.00
0.62 0.09 194.12 114.97 251.52 62.40 0.68 0.21 0.00 0.00 13.79 1.31 0.23 1.99 0.00 0.00
0.73 0.21 428.31 299.91 122.93 10.30 0.97 0.17 0.00 0.00 26.98 98.67 1.72 1.55 0.65 0.00
0.59 0.22 507.00 171.41 114.35 23.37 1.51 0.23 0.00 0.00 12.23 46.70 0.64 0.37 1.77 15.09
0.67 0.30 183.01 66.17 123.31 55.77 1.58 1.69 0.00 0.00 42.39 82.45 1.22 1.11 0.64 0.00
0.64 0.15 308.34 264.90 292.78 117.43 0.21 0.18 0.00 0.00 83.58 6.57 1.10 1.50 0.51 0.00
0.79 0.22 455.74 38.07 142.23 198.92 1.15 0.20 0.00 0.00 60.89 14.24 1.62 2.03 0.10 0.00
0.86 0.08 140.63 75.01 102.79 46.03 1.26 5.50 0.00 0.00 95.65 65.77 1.75 3.91 0.01 0.00
0.54 0.44 640.67 217.21 218.04 151.29 0.39 0.10 0.00 0.00 87.50 13.06 0.13 0.29 3.55 17.05
0.88 0.26 459.05 100.76 213.38 50.06 1.42 0.97 0.00 0.00 20.85 70.86 1.99 1.10 0.50 0.00
0.85 0.22 256.79 54.80 154.26 81.93 1.60 0.63 0.00 0.00 26.19 96.58 1.28 1.60 0.21 0.00
0.96 0.47 455.39 154.01 151.49 56.33 0.82 0.13 0.00 0.00 27.77 89.31 1.64 0.49 3.82 0.00
0.52 0.31 544.89 107.29 122.17 183.98 0.56 2.69 0.00 0.00 79.42 22.36 1.59 0.29 2.80 19.72
0.93 0.31 410.95 105.05 140.52 79.83 0.91 1.99 0.00 0.00 88.30 97.87 0.17 0.49 1.64 0.00
0.88 0.12 327.22 37.09 171.41 185.71 1.21 1.17 0.00 0.00 87.77 71.21 1.04 3.22 0.02 0.00
0.85 0.32 172.63 25.87 254.11 177.87 1.69 0.60 0.00 0.00 89.81 74.43 0.75 2.56 0.06 0.00
1.00 0.17 515.68 55.82 165.21 74.38 1.99 1.26 0.00 0.00 11.31 62.29 1.76 2.89 0.04 0.00
0.52 0.32 655.26 36.92 156.04 196.59 1.22 0.18 0.00 0.00 18.46 74.65 0.12 0.18 0.82 7.06
0.94 0.43 682.01 61.52 221.72 69.15 1.98 1.63 0.00 0.00 30.06 79.16 0.11 2.64 0.00 0.00
0.65 0.22 602.65 93.09 202.92 53.51 1.55 2.55 0.00 0.00 94.29 24.67 0.91 1.82 0.19 0.00
0.87 0.26 240.38 52.68 272.54 157.32 0.95 3.99 0.00 0.00 75.14 97.90 1.59 2.29 0.12 0.00
0.70 0.47 640.59 38.13 189.58 126.31 1.79 0.85 0.00 0.00 59.14 11.60 1.22 0.08 1.71 10.84
0.80 0.41 381.62 73.08 188.55 181.49 0.71 8.26 0.00 0.00 99.40 17.10 0.96 0.16 1.79 11.05
0.90 0.45 256.15 62.46 170.87 118.19 1.01 1.05 0.00 0.00 83.79 15.81 1.98 0.17 1.88 12.33
0.70 0.39 655.88 34.91 160.58 141.90 1.75 0.34 0.00 0.00 60.73 65.57 0.73 0.16 1.21 9.18
0.53 0.36 699.68 93.50 286.99 126.10 0.80 6.71 0.00 0.00 27.43 41.55 1.65 0.21 1.57 7.86
0.64 0.32 440.27 28.81 123.37 153.18 1.96 2.35 0.00 0.00 62.24 26.47 1.20 0.22 0.62 6.73
0.60 0.40 319.51 127.28 214.03 36.32 1.22 1.20 0.00 0.00 56.30 77.38 0.79 0.40 1.94 0.00
0.93 0.43 316.46 273.61 135.70 18.38 0.45 0.18 0.00 0.00 66.09 16.19 1.09 2.27 0.00 0.00
0.83 0.10 695.34 167.43 265.87 22.62 1.84 0.42 0.00 0.00 87.57 0.55 1.41 3.30 0.01 0.00
0.51 0.06 292.54 31.62 126.65 191.36 1.36 0.46 0.00 0.00 67.18 50.21 0.92 4.08 0.00 0.00
0.63 0.11 254.69 78.34 106.44 55.86 1.45 5.36 0.00 0.00 39.45 25.02 1.17 3.95 0.00 0.00
0.58 0.16 170.26 34.18 225.53 161.32 1.34 4.90 0.00 0.00 40.58 87.14 1.11 4.16 0.01 0.00
0.58 0.25 342.49 22.69 141.28 197.04 1.93 0.60 0.00 0.00 90.67 21.56 1.17 3.61 0.03 0.00
0.52 0.44 105.71 65.23 188.15 131.57 0.59 0.10 0.00 0.00 30.14 1.95 0.60 1.37 0.80 0.00
0.93 0.18 561.01 50.49 250.84 92.29 1.79 1.73 0.00 0.00 90.54 85.92 0.78 3.24 0.03 0.00
0.82 0.47 566.44 492.99 259.39 135.77 0.16 0.28 0.00 0.00 53.14 24.93 0.69 1.82 1.33 0.00
0.94 0.50 153.51 25.24 176.36 154.99 1.98 7.15 0.00 0.00 78.22 77.98 1.59 0.13 1.14 8.39
0.76 0.21 467.33 96.21 213.44 68.90 1.14 0.41 0.00 0.00 70.86 4.18 0.32 2.30 0.12 0.00
0.63 0.47 185.83 41.37 111.89 168.09 1.08 1.79 0.00 0.00 25.35 88.89 2.00 0.26 2.60 20.56
0.90 0.39 619.04 61.24 258.04 168.43 0.90 8.68 0.00 0.00 49.80 99.70 0.76 0.29 1.15 6.62
0.59 0.45 594.23 272.46 176.40 12.11 1.50 0.30 0.00 0.00 98.28 76.31 0.68 0.32 3.30 18.88
0.76 0.16 206.45 45.43 205.50 128.28 1.25 3.75 0.00 0.00 75.64 62.94 1.03 3.58 0.03 0.00
0.98 0.19 418.16 71.56 221.84 92.68 1.18 0.47 0.00 0.00 83.01 93.92 1.26 1.56 0.20 0.00
0.79 0.26 520.11 393.59 190.42 10.87 0.68 2.70 0.00 0.00 30.99 24.51 0.90 3.04 0.00 0.00
0.94 0.24 528.59 119.22 172.49 176.52 0.53 5.20 0.00 0.00 67.95 97.11 0.13 2.04 0.43 0.00
0.58 0.09 607.05 179.37 191.36 93.51 0.57 8.50 0.00 0.00 83.55 64.20 0.26 3.80 0.06 0.00
0.82 0.23 657.71 92.82 277.09 136.25 0.76 1.35 0.00 0.00 56.53 75.15 0.89 1.61 0.32 0.00
0.54 0.10 633.27 320.72 266.69 85.54 0.37 1.35 0.00 0.00 29.96 60.65 0.76 2.00 0.34 0.00
0.57 0.39 432.54 208.39 296.57 21.46 1.11 0.47 0.00 0.00 29.69 84.46 0.74 1.02 1.24 0.00
0.95 0.37 547.41 140.86 118.23 61.30 0.89 1.01 0.00 0.00 79.81 52.97 1.26 0.35 3.07 21.20
0.94 0.25 223.71 88.09 130.00 32.46 1.96 0.83 0.00 0.00 73.84 94.30 1.15 1.52 0.34 0.00
0.70 0.17 559.83 158.55 116.83 87.99 0.64 5.92 0.00 0.00 27.61 22.38 0.57 1.73 0.38 0.00
0.72 0.34 315.59 179.39 120.59 198.26 0.31 3.12 0.00 0.00 13.91 5.77 1.69 1.61 1.43 0.00
0.89 0.16 520.67 228.05 119.87 13.24 1.70 0.22 0.00 0.00 60.67 14.78 1.43 2.91 0.00 0.00
0.81 0.21 343.05 56.50 183.17 120.84 1.16 0.39 0.00 0.00 31.01 6.08 0.68 2.25 0.11 0.00
0.77 0.10 555.57 268.44 127.74 21.35 0.92 0.70 0.00 0.00 15.92 88.93 0.20 2.30 0.00 0.00
0.76 0.28 355.08 111.26 170.71 49.89 1.17 0.96 0.00 0.00 69.47 52.54 0.80 0.87 0.84 0.00
0.74 0.14 612.02 140.30 135.65 149.27 0.53 8.72 0.00 0.00 76.34 70.04 1.47 2.37 0.26 0.00
0.78 0.38 618.33 103.86 253.54 63.43 1.19 5.66 0.00 0.00 56.20 41.09 0.84 0.18 1.51 8.27
0.95 0.15 503.79 52.20 105.74 165.49 1.02 4.79 0.00 0.00 62.97 49.58 1.40 2.77 0.08 0.00
0.84 0.28 191.17 125.13 159.07 13.64 1.86 6.23 0.00 0.00 45.58 29.41 1.28 4.63 0.00 0.00
0.52 0.41 101.17 44.34 129.73 169.38 0.81 0.13 0.00 0.00 46.67 59.60 1.92 0.43 1.47 0.00
0.52 0.40 373.85 44.91 176.76 150.65 1.22 0.12 0.00 0.00 78.95 40.43 1.00 0.17 1.61 10.62
0.80 0.45 384.19 211.15 248.30 30.77 0.77 3.84 0.00 0.00 50.54 69.89 0.45 2.20 0.57 0.00
0.83 0.31 236.38 223.06 159.23 22.47 0.30 3.81 0.00 0.00 11.95 44.96 0.89 3.04 0.00 0.00
0.57 0.31 556.20 32.53 189.83 143.14 1.86 1.04 0.00 0.00 18.28 80.65 1.89 1.30 0.24 0.00
0.60 0.18 466.77 398.94 192.48 24.35 0.34 8.57 0.00 0.00 78.80 88.07 0.92 3.37 0.18 0.00
0.64 0.35 118.68 106.99 297.84 105.45 0.27 0.87 0.00 0.00 93.01 42.82 0.65 2.54 0.25 0.00
0.94 0.13 536.82 368.21 292.22 10.98 0.83 1.23 0.00 0.00 24.64 52.96 0.27 2.52 0.00 0.00
0.93 0.26 433.45 78.93 210.90 63.62 1.49 0.31 0.00 0.00 37.54 11.15 1.88 1.54 0.16 0.00
0.51 0.27 681.95 192.67 199.25 88.65 0.57 0.24 0.00 0.00 53.85 53.84 1.78 0.49 2.41 0.00
0.62 0.06 396.08 83.07 148.18 129.47 0.80 0.80 0.00 0.00 69.83 61.35 1.13 3.25 0.03 0.00
0.66 0.39 333.11 28.64 107.41 188.25 1.55 5.90 0.00 0.00 41.72 75.21 0.61 0.19 1.19 11.50
0.92 0.46 130.67 56.03 179.19 156.61 0.74 1.24 0.00 0.00 34.00 63.31 1.31 0.87 1.16 0.00
0.75 0.26 350.91 320.74 203.91 112.40 0.17 0.32 0.00 0.00 34.41 23.20 0.20 3.43 0.09 0.00
0.88 0.22 539.48 345.33 203.07 65.35 0.35 0.84 0.00 0.00 61.90 10.61 0.30 3.31 0.00 0.00
0.54 0.41 312.41 32.37 221.30 161.20 1.57 3.90 0.00 0.00 32.82 49.27 1.01 0.12 0.95 6.40
0.71 0.23 529.14 50.40 216.49 97.63 1.68 1.35 0.00 0.00 17.50 94.64 0.15 2.61 0.00 0.00
0.76 0.09 650.17 251.38 172.05 94.76 0.44 1.61 0.00 0.00 97.72 72.05 1.56 1.75 0.37 0.00
0.79 0.33 245.73 34.48 136.16 197.66 1.19 6.38 0.00 0.00 96.64 29.68 0.23 0.25 0.66 6.62
0.90 0.17 282.25 51.19 231.00 120.61 1.24 0.20 0.00 0.00 52.18 1.47 1.57 2.67 0.04 0.00
0.60 0.06 144.47 110.85 247.41 160.94 0.32 5.68 0.00 0.00 84.15 12.69 0.95 4.28 0.00 0.00
0.85 0.31 118.28 56.24 233.45 61.26 1.40 1.84 0.00 0.00 44.62 6.08 1.27 3.36 0.00 0.00
0.93 0.36 400.51 167.40 129.36 69.51 0.63 1.79 0.00 0.00 59.75 22.10 1.68 0.43 2.01 0.00
0.92 0.19 570.74 53.63 276.31 100.91 1.53 6.73 0.00 0.00 92.96 93.72 1.82 3.25 0.03 0.00
0.62 0.11 262.76 118.31 286.58 135.63 0.51 0.28 0.00 0.00 58.55 53.84 1.88 1.76 0.13 0.00
0.51 0.35 594.55 388.35 268.67 20.61 0.58 0.77 0.00 0.00 44.67 98.59 1.56 1.43 1.43 0.00
0.98 0.07 192.21 114.92 213.98 34.15 1.01 2.07 0.00 0.00 78.80 56.57 1.15 3.52 0.01 0.00
0.94 0.24 690.63 27.37 265.87 177.97 1.81 8.13 0.00 0.00 56.60 54.96 0.12 4.31 0.00 0.00
0.64 0.05 553.93 44.39 223.01 137.17 1.39 1.91 0.00 0.00 73.88 29.00 0.87 4.17 0.00 0.00
0.81 0.17 450.51 277.43 160.60 11.31 1.16 0.10 0.00 0.00 71.04 53.22 1.42 1.76 0.22 0.00
0.83 0.17 600.29 382.56 174.41 67.75 0.33 4.00 0.00 0.00 87.02 12.00 0.76 3.05 0.10 0.00
0.84 0.32 626.02 234.84 200.66 83.75 0.49 1.01 0.00 0.00 89.46 46.38 1.46 0.73 1.91 0.00
0.83 0.44 276.79 52.90 264.04 117.56 1.22 1.07 0.00 0.00 28.71 41.45 1.72 0.22 1.25 7.13
0.94 0.38 245.82 35.45 269.35 166.52 1.34 0.40 0.00 0.00 23.51 26.27 0.56 1.96 0.12 0.00
0.57 0.12 155.33 133.69 292.15 92.70 0.30 0.30 0.00 0.00 80.05 20.96 0.63 3.96 0.01 0.00
0.91 0.33 425.07 60.04 212.51 66.88 1.98 0.26 0.00 0.00 73.69 4.77 0.88 0.28 0.80 6.18
0.72 0.32 551.76 429.83 124.92 113.51 0.21 2.61 0.00 0.00 13.12 93.99 1.93 2.29 1.66 0.00
0.57 0.28 578.39 46.26 126.05 152.93 1.22 3.73 0.00 0.00 21.07 99.31 1.52 0.31 0.91 8.46
0.73 0.35 557.59 87.56 223.24 69.92 1.28 0.23 0.00 0.00 42.07 23.53 0.87 0.18 1.50 8.93
0.68 0.07 213.09 98.41 102.38 57.19 0.96 5.34 0.00 0.00 71.78 82.51 1.35 3.66 0.03 0.00
0.86 0.42 690.59 49.57 198.02 198.74 0.95 0.76 0.00 0.00 53.58 64.74 0.29 0.25 1.62 10.00
1.00 0.09 581.68 293.15 189.73 31.27 0.66 7.44 0.00 0.00 19.40 19.12 1.24 3.51 0.00 0.00
0.56 0.05 571.13 51.98 165.42 96.22 1.66 4.70 0.00 0.00 88.63 82.66 0.72 4.31 0.00 0.00
0.71 0.23 462.60 255.88 262.08 155.30 0.30 0.39 0.00 0.00 63.97 7.17 0.62 1.41 0.99 0.00
0.88 0.47 638.43 90.00 169.33 135.02 0.78 1.03 0.00 0.00 90.26 66.43 0.47 0.34 3.37 18.69
0.96 0.07 163.54 79.81 263.49 33.01 1.78 0.36 0.00 0.00 11.58 23.48 1.36 2.26 0.00 0.00
0.85 0.27 595.58 180.45 246.97 22.31 1.58 0.50 0.00 0.00 79.45 46.55 1.15 1.20 0.48 0.00
0.66 0.28 377.79 87.78 121.36 84.24 1.02 4.36 0.00 0.00 69.49 63.49 1.30 0.33 1.63 13.10
0.56 0.41 105.86 52.35 236.36 45.58 1.96 3.92 0.00 0.00 94.93 18.73 1.75 4.48 0.00 0.00
0.77 0.17 424.86 47.39 120.46 103.78 1.65 5.44 0.00 0.00 60.03 41.08 1.90 3.19 0.05 0.00
0.78 0.28 613.88 329.31 202.97 15.61 0.92 0.55 0.00 0.00 63.66 69.03 1.57 1.29 0.84 0.00
0.79 0.10 437.23 58.96 124.88 160.37 0.93 2.20 0.00 0.00 49.55 8.03 0.13 3.41 0.00 0.00
0.64 0.20 459.57 174.92 118.51 67.14 0.65 1.28 0.00 0.00 24.89 69.01 1.88 1.09 1.23 0.00
0.81 0.48 403.47 143.21 175.47 24.34 1.69 1.74 0.00 0.00 94.34 79.07 0.87 0.24 2.88 16.95
0.60 0.38 613.27 35.48 170.54 170.44 1.43 1.40 0.00 0.00 33.58 92.88 0.89 0.19 1.14 8.41
0.99 0.28 360.34 46.27 259.36 150.80 1.18 0.30 0.00 0.00 31.97 82.80 0.59 1.70 0.17 0.00
0.56 0.31 289.14 220.45 118.02 88.80 0.31 6.11 0.00 0.00 28.48 94.18 0.74 2.71 0.90 0.00
0.59 0.38 267.64 75.44 237.57 185.37 0.64 8.13 0.00 0.00 61.31 10.85 1.36 0.15 1.22 7.40
0.66 0.34 624.48 50.86 251.25 122.47 1.36 0.27 0.00 0.00 44.81 65.21 1.78 0.21 1.01 6.26
0.77 0.32 282.03 77.30 165.14 79.28 1.13 10.00 0.00 0.00 25.54 84.88 0.65 0.34 1.05 8.12
0.51 0.35 345.30 153.07 167.25 18.61 1.79 0.16 0.00 0.00 98.96 98.65 0.51 0.34 2.12 13.67
0.52 0.48 579.17 63.48 154.74 183.94 0.82 0.80 0.00 0.00 47.00 77.34 1.67 0.27 3.80 22.67
0.68 0.11 390.15 267.73 133.54 147.26 0.26 0.58 0.00 0.00 75.16 87.21 0.32 1.77 0.74 0.00
0.69 0.08 256.91 38.87 103.84 134.13 1.49 1.63 0.00 0.00 21.53 20.33 1.40 3.40 0.00 0.00
0.89 0.42 299.12 242.44 103.76 69.50 0.30 0.43 0.00 0.00 36.51 45.95 1.34 2.18 1.10 0.00
0.69 0.20 398.08 168.46 208.31 79.04 0.58 0.71 0.00 0.00 19.54 13.18 1.34 1.81 0.28 0.00
0.80 0.17 408.78 89.46 164.90 179.45 0.62 7.85 0.00 0.00 56.98 94.45 0.45 2.75 0.15 0.00
0.85 0.14 661.89 34.35 228.33 190.38 1.34 0.24 0.00 0.00 91.29 62.58 1.22 2.91 0.02 0.00
0.84 0.50 116.27 84.35 258.56 61.74 0.65 1.61 0.00 0.00 90.60 49.04 0.46 2.89 0.22 0.00
0.72 0.37 442.93 115.83 163.57 34.26 1.70 0.23 0.00 0.00 30.78 28.73 1.64 0.18 2.25 14.64
0.68 0.35 594.21 229.99 162.98 22.24 1.14 1.21 0.00 0.00 72.36 14.10 0.20 4.02 0.00 0.00
0.95 0.33 236.76 157.49 183.92 86.48 0.43 0.48 0.00 0.00 71.02 92.69 1.02 1.35 1.19 0.00
0.84 0.27 518.47 232.07 160.00 11.70 1.87 2.67 0.00 0.00 61.60 94.10 1.02 1.70 0.37 0.00
0.71 0.35 678.86 42.43 196.78 110.31 1.84 0.65 0.00 0.00 42.74 26.07 1.53 0.13 0.94 6.87
0.72 0.23 537.17 115.84 236.66 156.32 0.58 0.27 0.00 0.00 58.54 13.71 0.37 1.54 0.30 0.00
0.60 0.21 492.48 39.23 240.90 145.14 1.48 0.45 0.00 0.00 33.39 87.75 0.14 3.09 0.00 0.00
0.74 0.30 251.16 56.43 219.72 93.17 1.36 0.75 0.00 0.00 19.66 81.12 0.71 1.48 0.31 0.00
0.67 0.24 329.30 240.96 152.13 99.01 0.30 0.29 0.00 0.00 59.67 52.50 1.83 1.49 1.17 0.00
0.60 0.41 505.21 307.86 211.71 21.79 0.69 0.25 0.00 0.00 38.75 72.34 0.50 1.28 1.63 0.00
0.65 0.36 549.64 483.45 103.35 16.65 0.34 6.81 0.00 0.00 75.18 7.50 1.98 3.38 0.21 0.00
0.53 0.23 516.63 199.12 255.78 67.12 0.60 7.66 0.00 0.00 21.55 54.66 1.15 2.36 0.31 0.00
0.61 0.18 118.40 22.54 247.94 178.74 1.85 0.27 0.00 0.00 23.01 0.80 1.02 3.18 0.00 0.00
0.84 0.08 398.18 27.68 227.64 199.61 1.54 0.11 0.00 0.00 39.26 45.13 0.31 3.10 0.00 0.00
0.78 0.29 237.32 229.24 176.30 183.65 0.13 0.38 0.00 0.00 48.65 99.75 1.43 1.59 1.55 0.00
0.96 0.08 141.12 53.90 184.36 142.62 0.85 0.33 0.00 0.00 36.97 51.75 0.61 3.27 0.01 0.00
0.91 0.16 341.82 56.46 256.42 161.64 0.93 0.10 0.00 0.00 90.99 97.36 0.17 3.17 0.03 0.00
0.64 0.12 603.35 314.37 272.80 18.00 0.88 0.27 0.00 0.00 53.52 42.32 0.52 3.22 0.01 0.00
0.86 0.49 594.85 43.62 202.54 190.00 1.08 9.70 0.00 0.00 22.31 56.72 0.79 0.15 1.86 10.96
0.96 0.46 186.11 26.46 134.64 160.39 1.86 3.59 0.00 0.00 68.57 12.21 1.02 0.10 1.20 10.30
1.00 0.31 530.15 79.52 159.66 97.90 1.06 7.47 0.00 0.00 46.81 6.06 1.92 0.21 1.17 8.94
0.75 0.37 498.01 56.28 228.29 169.72 0.94 0.14 0.00 0.00 65.54 53.28 1.42 0.23 1.42 8.30
0.89 0.26 560.62 210.56 196.02 89.83 0.50 0.29 0.00 0.00 71.03 93.91 1.16 0.76 1.93 0.00
0.54 0.42 490.06 411.86 132.06 98.30 0.20 2.21 0.00 0.00 99.98 15.26 1.51 2.75 0.66 0.00
0.65 0.32 660.56 90.13 201.34 62.89 1.40 4.55 0.00 0.00 37.03 90.63 0.47 0.25 1.49 9.31
0.63 0.15 674.86 110.00 290.41 41.60 1.67 0.29 0.00 0.00 86.26 53.65 0.31 3.61 0.01 0.00
0.56 0.25 419.56 32.04 207.24 185.08 1.43 1.41 0.00 0.00 48.11 65.42 1.65 2.33 0.07 0.00
0.84 0.16 598.25 33.30 120.84 189.31 1.38 0.25 0.00 0.00 68.31 82.09 0.97 2.41 0.06 0.00
0.76 0.18 335.30 36.28 243.04 126.56 1.78 9.93 0.00 0.00 86.47 67.16 1.24 3.99 0.01 0.00
0.64 0.40 269.56 100.06 158.21 75.52 0.87 7.98 0.00 0.00 46.25 19.94 0.73 0.17 2.01 13.51
0.64 0.31 698.87 65.07 269.44 80.54 1.58 0.13 0.00 0.00 34.72 97.08 0.29 0.41 0.78 0.00
0.70 0.45 246.19 218.78 228.05 38.99 0.32 0.64 0.00 0.00 85.75 78.34 1.05 1.94 0.87 0.00
0.74 0.16 370.72 75.31 188.12 53.61 1.81 0.37 0.00 0.00 20.73 51.22 0.90 3.15 0.04 0.00
0.94 0.07 128.04 79.24 131.55 58.79 0.86 5.86 0.00 0.00 18.85 80.06 0.90 3.34 0.00 0.00
0.72 0.32 476.07 27.91 152.34 183.57 1.68 0.10 0.00 0.00 86.84 89.46 1.26 0.40 0.56 5.76
0.93 0.05 254.11 25.43 149.54 182.31 1.78 0.21 0.00 0.00 33.21 13.34 0.56 3.84 0.00 0.00
0.99 0.29 438.16 27.05 112.98 191.03 1.66 1.10 0.00 0.00 28.88 53.10 1.75 1.49 0.20 0.00
0.95 0.29 184.20 30.23 192.96 135.48 1.88 0.70 0.00 0.00 55.94 75.82 1.25 2.08 0.09 0.00
0.55 0.23 130.04 31.42 133.55 112.50 1.99 2.84 0.00 0.00 95.42 44.00 0.81 3.77 0.03 0.00
0.65 0.21 481.09 99.43 279.74 55.45 1.33 0.15 0.00 0.00 55.44 90.65 1.58 1.03 0.42 0.00
0.90 0.47 590.09 37.23 184.97 145.50 1.58 0.36 0.00 0.00 48.54 16.03 0.99 0.10 1.58 10.39
1.00 0.14 342.86 94.41 252.09 36.20 1.96 1.01 0.00 0.00 43.76 17.46 0.47 3.76 0.00 0.00
